-21
23
-33
-42
-16
28
-36
13
2
-52
-81
-67
-57
51
-10
17
-30
-37
-18
-34
0
-1
14
-25
34
21
-30
-4
-41
-15
4
35
-9
-38
-2
-10
-24
29
21
38
-19
-2
20
-44
2
22
-42
-33
-7
-27
-41
49
6
-17
24
15
-29
27
-67
30
-50
-12
15
33
26
-21
-13
-106
-42
-31
24
18
-27
-34
-40
-109
14
-24
-41
6
-20
-55
2
7
-41
-64
-33
3
-46
7
8
-15
-16
7
-43
-75
7
-40
-82
-108
-64
-37
8
6
-34
-42
-34
-48
-15
-26
0
15
56
-16
6
-37
-66
-37
-7
-32
-23
39
20
-99
-55
-78
-50
-122
-23
-74
-77
16
-63
-100
-13
-15
-11
-26
-125
47
-42
-3
-16
20
-16
-4
0
-17
32
-44
-36
7
-14
-24
10
-40
-41
-107
-103
-101
-1
2
-17
-28
-20
-78
-43
2
-47
-7
-35
-6
-37
-1
-73
25
11
-9
-65
-27
24
-40
1
-29
-6
-8
-18
6
-39
-24
-87
2
-21
3
5
-30
-121
-126
-48
37
5
-16
-47
-19
-49
-56
-18
54
27
-8
-34
-5
28
-72
27
-23
33
7
-36
22
-25
-30
-34
3
-22
-9
-11
-26
-12
-17
6
-10
-22
-40
0
35
-33
-5
24
-25
8
-3
-22
4
18
-12
-78
58
18
1
-60
-48
30
18
39
18
-2
-97
-22
-8
-13
-18
-72
-67
2
18
0
-19
-45
-35
6
6
-6
-5
-25
-31
34
0
-37
81
23
-33
-46
52
29
21
44
54
-2
38
16
15
-31
-19
44
-6
-22
-16
-2
33
-6
-28
16
5
-8
41
-36
-34
44
-17
-31
43
66
-18
50
71
-15
4
-50
-37
3
49
16
-9
-13
-89
4
-29
3
-19
-54
5
-25
-73
-12
-28
10
-9
-17
10
61
-39
45
12
26
-15
29
30
-22
-18
38
-9
-31
11
-5
-104
-17
-106
-24
-22
-59
-25
-4
-44
-44
-42
9
23
-33
21
-9
-40
23
35
-19
-12
-43
-57
-33
-29
-9
-8
-98
-122
30
225
196
204
196
249
314
217
277
234
190
89
101
54
-1
67
24
58
-17
18
48
34
16
10
6
56
55
-4
10
31
43
10
38
129
130
139
125
116
131
117
75
55
-1
65
76
92
67
43
-36
-19
-6
-37
20
19
92
-4
-19
-28
5
14
-13
-23
-89
-105
-40
58
-15
61
66
119
11
48
46
37
13
-23
-31
5
43
-14
8
-29
-28
39
-9
-56
-64
-1
-31
-29
16
3
14
-27
-108
-85
8
-8
-42
6
17
1
-26
-40
-48
-32
-9
-25
32
21
26
-9
-13
18
-21
-11
-8
45
1
-40
-13
9
5
-72
-41
-37
-57
-17
9
4
-29
-40
-59
13
-15
-4
-9
-6
-12
-20
-15
-50
-26
-18
-44
-92
0
58
25
-5
-15
-34
-11
-6
-87
-32
-24
-42
-150
-124
2
106
79
77
61
80
32
50
31
-5
42
-16
5
-41
-2
2
-38
-38
-20
12
-1
5
-19
-56
-5
-30
-15
-37
-33
-60
-77
-51
79
71
55
52
25
25
17
-33
-4
-89
13
-12
28
-6
55
-22
-44
-33
4
38
17
29
28
-55
5
-20
31
22
-45
-30
-64
-15
35
43
32
24
-22
70
-45
4
22
-12
-13
39
-39
-28
21
16
-1
-45
-11
-32
13
-20
26
-47
-8
14
51
6
58
83
121
120
-4
-69
-25
10
10
-6
16
-64
-12
-16
-19
30
-42
-7
-12
-36
47
-44
-10
-42
-46
-38
-18
20
-59
0
-22
5
-34
-21
-21
-3
-10
-45
-30
-27
-94
-75
27
-23
14
-21
-65
-51
48
18
-22
3
-22
-37
20
-69
-3
-17
15
-12
-78
11
8
1
-38
-2
7
27
-101
-63
-26
-37
-19
-47
-6
-68
-20
-114
-77
-57
-37
-10
8
2
4
-55
10
-41
-34
-18
-83
-42
-13
14
-68
-94
-25
-58
-120
-158
-48
6
-15
-88
-4
7
-48
-81
-36
-39
-56
-14
-17
-6
37
-55
18
-45
-1
1
-15
19
-26
3
2
-42
-36
-60
-49
-16
-76
-155
-30
4
-46
-10
-93
-26
-92
-18
-44
-49
6
-15
20
12
9
28
-98
-40
3
0
-35
-10
-36
-3
23
-20
-18
0
3
-31
-21
3
-19
44
-11
3
-1
-16
-46
-11
-4
-23
-20
-10
-11
-4
-4
-2
-22
-1
-24
20
8
32
-4
8
-11
34
24
21
34
40
94
96
-52
-34
-36
-64
-46
-55
-67
-39
-25
-80
-36
-56
-3
16
0
-45
3
-93
-4
-6
-59
-60
14
30
44
21
-20
-48
-59
-33
-20
6
-56
45
-4
-9
56
-14
-21
-20
-16
11
-24
14
23
22
26
-12
-23
-1
21
51
-13
37
36
32
8
10
43
20
68
47
49
85
38
79
164
207
259
151
50
97
64
12
18
-56
23
28
11
28
-5
41
-26
-8
-21
-25
-9
1
26
34
7
-28
3
-77
-14
-230
71
100
162
218
268
130
22
127
116
88
49
70
51
63
44
42
35
72
2
-27
0
17
70
0
37
96
60
45
93
120
136
146
88
83
86
95
129
95
97
59
61
94
57
70
63
28
58
78
53
62
52
85
12
75
75
43
62
71
115
81
140
149
195
187
48
9
46
31
33
5
128
163
217
248
237
110
79
154
165
96
71
113
110
121
175
174
82
66
52
57
64
87
66
93
117
121
-1
20
17
243
282
223
231
142
356
403
301
228
235
178
181
185
32
151
135
138
228
159
137
128
-10
68
78
51
52
-37
-17
-174
-14
9
2
105
131
58
55
45
164
194
163
134
1
30
69
44
-60
18
50
56
54
39
41
-22
56
49
-2
85
28
69
111
108
50
-48
34
19
2
-20
83
14
133
100
133
79
-16
-49
36
26
-22
63
67
58
5
-7
48
12
25
8
24
-7
16
19
16
15
24
-89
-36
22
-22
-23
24
-18
-44
93
87
-4
6
43
4
-15
-31
87
21
33
26
32
-59
-20
48
15
-6
-20
-41
3
1
-6
12
-5
22
-7
-37
47
38
53
-44
32
19
27
-6
45
-30
13
14
48
72
-102
83
36
-8
8
31
37
62
-4
24
33
81
105
18
44
18
-10
34
67
28
21
-2
20
41
-11
-5
-5
45
9
-16
74
51
-28
10
1
-11
-36
29
22
56
1
41
66
91
106
0
-40
-5
-40
-45
-56
-17
-34
-21
14
10
3
-22
-42
9
30
-16
15
32
21
19
-7
48
-6
5
16
33
24
59
-2
24
53
18
-28
-27
36
34
18
-20
44
1
-6
-23
27
-42
45
29
27
71
60
-4
40
-4
13
0
7
50
54
44
70
40
64
88
116
-5
-41
32
-25
-24
-34
58
-36
8
-23
-16
-13
-1
-36
36
-10
-57
35
-3
-14
-68
43
-21
60
10
3
18
3
-29
52
34
63
9
-52
23
58
-9
-48
20
-78
2
-46
-22
32
-18
49
-16
22
19
19
26
19
-1
-28
35
43
44
-23
27
8
45
70
51
80
51
39
-5
32
33
37
27
31
33
-22
-35
34
-21
25
-26
25
-2
22
-29
-9
-5
-5
-14
-19
19
45
38
34
7
34
72
85
8
-3
-36
-22
-96
12
0
3
-9
-58
29
-41
-18
6
-6
-20
19
-3
-27
-59
3
-1
-80
23
-16
27
-37
18
30
26
69
17
24
-10
-69
-62
17
-10
-23
17
-9
56
-16
-22
-38
29
-12
-12
0
-17
2
29
-6
15
4
-35
3
-105
-73
-27
3
8
74
60
36
-9
-16
-19
-117
-1
-28
-2
-24
41
20
-13
-27
13
13
3
-41
-13
17
45
1
-14
-38
25
32
-26
-63
-2
40
42
28
25
0
-113
-15
-67
-68
-48
18
-41
-50
-16
-11
-51
11
-25
29
-72
-21
1
15
49
-34
-38
-16
23
22
13
-77
21
-31
-7
11
25
33
-12
-37
-52
-30
-48
-75
-80
-19
6
39
-34
19
21
28
-47
13
14
34
-28
17
-18
-9
60
30
-61
-1
-58
-28
31
6
17
-1
-35
-29
-79
-64
-94
-42
-20
-15
-79
-47
-6
-43
-74
-44
-9
-31
-11
-29
-11
10
0
31
-22
-27
-84
-48
-13
-51
-69
-81
-54
-32
-30
-60
-37
-24
-65
-33
-46
-8
-17
-45
20
2
-62
-60
10
-24
11
-11
-47
33
12
12
-23
-23
-15
-21
-49
-18
-63
-84
-141
-25
-29
-6
-14
9
-26
-20
-11
17
18
44
49
-25
6
13
-21
27
-21
44
-21
-14
36
2
-3
26
35
8
-20
42
67
77
92
7
-26
-24
-81
10
-5
-67
3
42
45
7
-40
0
-33
46
-2
6
26
25
-4
6
-25
-16
-13
-51
-11
-73
-3
-43
15
-7
-25
-64
145
113
91
-1
10
-13
-9
35
47
-14
18
9
4
-5
-50
75
10
-16
-75
-26
-65
24
-13
-32
9
-57
4
-50
-45
-64
-82
15
67
17
14
-23
-9
-12
11
-42
-22
-23
-17
-34
-16
-71
-66
-59
-17
13
-75
-7
11
30
-21
-18
-6
24
-10
-17
-10
1
1
-16
-2
2
-88
-53
-12
-17
-67
-57
61
-91
0
-40
-65
-81
5
-44
-13
-2
-14
17
59
26
-2
17
-10
33
40
33
-142
-131
-112
9
29
66
79
80
53
120
35
81
13
39
31
35
-6
82
89
48
43
35
23
49
39
59
26
33
42
37
34
47
59
91
84
-5
119
76
146
114
115
108
98
100
-3
-11
49
74
28
86
56
-13
9
-18
39
35
-11
30
15
-25
6
67
34
-22
-25
27
-15
30
77
54
149
105
47
48
-40
-34
-40
-4
-19
59
28
-59
0
51
18
43
29
23
14
-55
47
26
-16
-33
35
28
14
49
53
-4
-6
7
30
3
-40
-47
-36
-34
-59
-39
12
-67
-45
-77
-80
-55
-22
-4
6
-37
-3
-12
-43
-85
-38
9
6
-48
6
-47
-43
-62
1
-27
-30
24
-50
-34
-44
-76
-16
6
-8
0
-72
-31
-29
13
35
18
18
-35
-16
-29
-18
-61
-60
-11
-50
-19
-20
-43
-49
-26
-28
-12
-10
-51
14
1
-10
-25
-43
-22
-19
-28
63
-71
-23
-16
-28
-64
23
19
-35
-57
-19
54
-2
46
8
30
-12
12
33
32
46
69
134
80
76
4
42
-27
52
33
27
-9
24
2
46
18
22
-44
38
27
0
20
37
45
-28
38
-1
45
46
99
96
31
1
34
-57
5
7
-11
-11
-17
5
-17
20
26
-6
-30
-70
-76
-27
-26
68
-57
1
2
-83
19
24
-51
-13
-13
10
4
28
33
11
-44
-48
14
47
50
-77
-30
18
23
56
8
-20
-25
-40
-42
-9
-5
-13
-39
-11
6
22
25
-7
27
-41
61
0
58
51
23
-71
-94
-97
-138
-69
-24
-17
-13
-47
-85
-74
-13
-13
7
-53
-58
-29
-37
-9
-64
-8
-10
27
-47
-14
44
-44
-61
-57
-53
-173
35
9
-42
-38
-9
-34
-39
-20
2
-45
4
-12
-14
-28
-30
30
-2
42
7
29
4
16
-16
42
13
-3
-10
28
-36
13
51
35
40
18
47
-62
-19
14
52
33
-3
7
-9
-52
62
-48
57
0
-12
-45
-25
19
9
34
-32
-40
8
64
78
39
61
93
106
126
-12
-49
-46
-88
-99
-120
-71
13
-64
-21
-55
-35
-7
0
-45
-10
19
-18
-30
-21
19
31
-20
15
-15
-16
-39
1
-4
-8
-36
-71
-31
20
-30
-10
-2
-7
-101
-14
10
-6
29
14
45
-39
4
40
-11
-13
27
-19
-10
-14
20
13
-54
-24
-49
-36
-60
-13
-31
-4
-8
1
-21
-26
-72
-6
-86
37
6
39
8
37
-2
14
7
-61
-24
-29
-47
43
-12
-27
-13
12
6
-8
-29
27
-6
41
40
79
-22
-36
-47
-79
-82
-21
-31
14
-28
-50
36
-37
18
-49
19
-26
-14
-22
-16
27
-27
-67
33
-4
8
19
31
2
-31
-64
-57
-91
-2
-17
-102
-49
-15
-44
-2
-13
-33
-3
-4
-29
10
-19
-50
-61
34
-40
-25
-46
-37
-3
68
-46
-48
2
-14
34
31
-62
-3
11
49
2
76
114
117
82
56
24
-12
39
48
24
16
45
22
50
30
10
-5
-14
-4
64
86
-13
3
24
57
65
63
121
136
133
87
21
18
-30
26
38
15
17
17
-8
6
25
1
24
40
-43
17
24
26
-51
-39
-14
34
42
-28
56
-4
17
9
39
59
89
39
-1
-3
-44
-3
-61
-50
-31
13
-3
-17
-23
-44
18
1
45
-21
13
47
-12
-62
-27
-9
36
-26
-14
4
0
-23
-9
-30
-13
1
-18
-42
11
-40
-13
25
-34
-33
-65
-7
4
-102
1
-19
-50
2
-11
11
-2
-11
37
14
24
45
-12
49
18
-12
65
68
71
-45
-40
-78
-80
-41
-24
-60
9
-43
-32
-29
-29
-52
10
-25
-32
45
5
-19
4
-7
27
-10
-9
-38
-76
-75
24
-6
-79
-53
-77
30
72
38
54
83
66
19
54
41
1
-11
-10
46
9
-44
55
82
14
44
-17
26
36
18
31
22
51
30
79
100
130
122
140
-64
-2
8
-18
-63
69
-10
20
23
-28
-31
5
16
4
-56
-22
44
-10
-30
-9
43
-57
-7
31
-6
11
22
41
15
64
66
77
-43
7
-44
6
-72
-55
-9
-13
9
-34
22
56
-43
-42
-49
30
29
-1
-26
-27
-21
-24
24
-33
4
54
-34
7
-35
29
33
53
19
-35
-30
-27
-67
-72
-60
15
-89
-18
-44
-1
-29
-35
-25
-1
-47
-30
-32
-24
-2
-21
-10
-57
-2
-35
-37
-55
-69
-36
-163
-122
-23
-26
-26
-25
-5
8
-51
-45
-35
-3
-32
-34
-33
2
-18
-25
-5
-2
-22
4
-13
-31
-10
20
7
-52
5
1
12
22
9
51
-1
-5
-48
-55
16
-24
16
-37
-49
-52
-43
-20
1
17
-18
20
21
1
-3
-18
7
-9
-46
-15
52
-17
-61
24
-70
-80
-117
-107
-53
-29
-39
-42
-90
-67
25
-64
-94
-27
-42
-107
-27
-33
-11
12
4
29
32
-26
-29
-20
1
0
9
-26
7
2
-82
-137
-50
-89
-67
-54
-43
-72
-17
-1
-50
-22
-40
-25
-38
-56
-41
9
-15
7
-71
-70
-71
-9
-26
-34
5
-62
-34
27
4
-47
-15
-38
-122
-66
-75
-102
-5
-64
-44
-25
-76
-29
-55
-37
-50
-1
-18
-10
31
-47
-9
5
4
7
-35
2
-42
-40
-74
-49
-26
-25
-52
-81
-74
-22
-36
-29
-17
-64
-53
-26
-85
-49
-53
-14
-14
-3
4
-5
-62
-23
-20
-73
-6
-37
-83
19
14
-39
21
-14
23
6
-57
-65
-59
-109
-108
8
0
-79
-39
-42
-9
-46
-41
-70
-62
43
-13
-27
-7
15
-13
-4
-23
-58
-59
11
-32
-5
-49
-46
9
-26
-14
-19
-25
-34
-42
-41
-25
9
-24
-34
-19
-42
-56
-32
-16
31
-40
-5
-87
-45
19
-3
21
38
16
-12
-38
-29
-62
-58
-39
-29
-23
-93
-129
-123
-1
-40
10
-34
-65
-43
-37
-68
-116
-65
-13
-32
-11
-11
-10
-48
50
-44
-11
-28
10
-70
-81
-19
30
-1
-4
-67
-36
-42
-75
-83
43
-6
0
5
-37
-13
-40
-43
-16
-9
12
-45
-10
-18
56
15
48
15
-11
30
3
28
-14
-54
-47
22
10
-44
27
58
56
71
-13
-24
-2
-1
6
-25
16
-76
-25
-2
21
20
34
-7
-7
-26
33
3
9
9
-19
1
-21
12
52
28
-34
31
39
31
43
60
-33
-7
-18
-23
-45
-76
-49
-42
-21
-74
-18
-35
-17
-12
-14
-12
54
3
20
10
-51
23
-8
7
-1
-43
-25
-50
0
13
-18
-17
-55
-76
-18
-77
-57
9
-38
-50
-127
-35
-33
17
32
-8
-15
-30
-25
-69
-50
-8
-58
18
-85
-20
-38
-35
-3
-56
17
-39
-94
-86
-16
10
95
134
149
95
110
145
47
41
36
3
80
67
30
5
45
41
38
33
31
16
51
24
-88
56
15
33
59
84
76
96
80
33
97
159
134
81
106
143
46
66
44
8
73
51
42
28
60
64
45
21
11
45
42
45
42
58
62
61
88
84
101
114
126
3
-9
11
12
-2
-40
-50
-9
-17
-47
-16
-4
-26
-29
32
22
39
21
-37
-7
-5
-6
-5
0
-15
-36
10
35
-70
10
10
53
-49
-50
-30
-49
10
-97
-9
9
-40
33
-53
68
7
-56
-88
19
-36
26
1
-51
-75
13
26
14
9
18
13
58
-9
37
60
25
-22
-44
-19
-24
-63
-79
-8
21
-98
-7
19
54
19
0
21
-3
-24
-10
-44
70
-6
-26
-49
-33
-62
-54
-56
-38
-39
-83
-76
