58
-75
20
-35
0
19
60
-60
-39
-14
27
-4
21
-47
-20
-54
-30
16
-37
-33
-4
-81
-48
-19
-10
-11
-46
-81
-54
-37
-30
-91
51
-32
-46
-93
-39
-20
-30
-70
-50
-27
33
23
-27
-28
-28
-70
-60
44
1
-80
-81
16
-19
0
29
-4
-32
9
-17
-16
5
55
-64
-92
-75
-77
-131
-67
-26
-16
-71
-48
-69
-81
39
-89
-11
-24
-56
-49
-7
-21
-2
-22
-32
-96
33
-39
34
24
-12
-132
-40
-51
8
-7
-61
-82
-109
-113
-98
-118
-57
-43
-22
-120
-64
-72
-7
10
-32
-58
-61
-17
1
10
24
-21
45
56
38
15
-52
26
8
-21
-16
-40
-61
-117
-33
-73
-120
-9
-39
-82
-51
-11
21
-49
-17
-41
-61
-72
-43
19
29
1
-17
23
1
55
-27
-52
15
32
21
-2
-139
-84
-65
-79
-140
-63
-98
-46
-45
-57
-83
-43
10
-54
19
26
18
-54
18
55
-6
19
-92
-47
-28
-67
-13
6
12
-64
-146
-85
-34
-109
-155
-45
-163
-194
-66
-91
-61
-35
-146
-87
-6
2
-125
-50
-60
-72
53
21
-113
10
-82
5
-16
-35
35
-7
-65
-62
-81
-148
-129
-62
-181
-32
-95
-183
-53
-68
-44
-49
-28
-91
-18
-108
-10
-19
24
-103
48
-19
-59
-29
-64
-21
14
14
-73
-83
2
-51
35
-7
-10
-61
-51
-55
-117
-82
-87
-93
-22
-74
-117
-50
-64
-86
-77
-35
-106
-11
-46
-63
-67
-13
-37
-101
-15
-61
-108
-59
-11
-55
-9
7
-18
-56
-78
-73
-117
-81
-47
-86
-16
-66
-107
-117
-103
18
-88
21
-96
-57
-81
12
-17
9
-130
-4
-17
-35
-11
-32
-36
-4
-40
-19
-58
-58
-48
-172
-152
-188
-36
-30
-66
-20
-76
-73
-34
-90
-10
-41
20
-86
-46
-61
-22
16
-54
19
15
-79
-117
-54
-22
-59
-117
-73
-52
-69
-71
-72
-146
-75
-41
-45
-18
-65
-59
-46
-5
-78
-21
14
-40
14
40
-66
-69
72
-15
19
-29
-30
28
-70
52
50
1
-1
66
243
390
361
438
377
161
126
152
238
300
209
91
180
208
76
124
312
270
245
132
259
286
300
225
127
150
232
258
174
120
144
50
153
159
187
207
179
164
86
48
11
-2
-25
-53
54
26
0
-33
69
74
12
14
-48
68
-18
25
18
17
-23
-80
19
-28
29
57
65
54
88
158
125
141
-1
11
-34
35
-53
-36
0
-20
1
50
23
0
0
45
-30
-19
54
25
-8
-89
-13
64
-30
25
1
28
87
33
36
121
67
18
48
15
-4
-23
-61
-84
-19
-24
16
20
15
-19
22
-16
-33
-40
-52
-86
14
43
-1
23
-43
-97
-73
-13
24
30
-11
66
14
-32
-33
-41
-97
-92
-72
-75
-44
-21
-6
-13
-15
20
-29
-62
-63
19
-25
23
45
-49
-41
-29
-48
-7
-105
10
-54
48
-13
65
87
14
-6
-81
-66
-86
-88
-29
-43
-1
36
19
-54
-43
-34
37
-10
-2
39
-42
-59
-17
-18
28
-140
-57
-86
-68
-44
-18
-40
-54
69
-29
-31
-53
-12
-42
-80
-113
-12
-1
16
-61
-117
19
-79
18
-17
-88
1
1
-98
-100
7
11
-20
-140
-51
-23
-75
-80
-37
-4
-120
-65
-124
-32
-35
-172
-52
3
-24
-15
-51
-44
-19
-106
-68
-54
-7
-47
-43
-40
-114
-82
-17
-32
-67
-41
-80
25
-88
-67
-60
-95
-49
-140
-87
-102
-105
-61
-52
-39
2
-19
25
-48
-167
38
-12
-48
-57
-43
-18
-73
-83
-71
18
29
-95
-49
-6
8
-98
-129
28
-116
-158
-63
-88
-68
-52
-111
-41
-39
1
-50
22
30
-27
-139
-49
12
-25
16
-20
-59
-50
-67
-63
-28
-17
-21
-5
28
8
-91
-29
-61
-162
-122
-27
-45
-28
-91
-62
-36
-10
-56
-43
52
-15
-34
-33
-13
-81
-77
-32
-42
-23
-132
-69
-11
-48
-127
-102
-20
-16
-42
-14
-88
-111
-59
-17
-101
-48
-28
-58
-91
-80
-61
21
-20
-12
12
14
-2
-10
-88
24
6
49
-26
-6
-23
-35
-23
16
44
-78
-40
-42
-100
-135
-104
2
-63
-3
-65
-49
-63
-99
-129
-6
33
-38
-52
23
-60
-91
-11
7
-11
8
-136
18
-14
10
96
18
59
32
22
-9
-86
-86
-27
-7
-96
-18
11
42
10
21
-68
54
-42
6
35
26
-90
18
-43
-6
46
89
-72
60
87
87
91
114
45
44
-67
-81
-71
-113
-106
-52
20
-11
-73
-99
-138
-56
-85
-54
-43
10
-63
-91
-86
-26
38
-26
0
4
-3
-20
48
69
89
76
-37
-89
-84
-88
-81
-138
-93
-83
-30
-40
-108
-79
0
-46
5
4
-10
-14
5
7
-64
-72
-30
-57
-45
64
-44
2
-35
-44
-17
37
25
-59
-24
-51
-195
-113
-57
-102
-44
-75
-101
-52
-30
-70
24
-101
-79
2
-14
-3
-17
5
-37
46
-75
46
-20
-48
57
-25
-16
28
29
-26
-90
-83
-145
-92
0
-23
-16
-47
-63
6
-96
-38
-56
19
-58
5
-35
-22
-8
-45
-10
46
-96
-10
-147
-8
-2
24
-10
32
58
298
407
379
448
430
327
294
342
285
410
367
238
131
228
218
162
108
135
134
130
152
118
95
125
123
207
242
213
198
244
241
4
90
152
222
231
172
178
102
48
154
143
92
127
42
58
124
0
119
74
47
61
21
89
44
67
63
127
103
150
176
227
221
9
57
96
79
229
131
188
19
75
72
55
15
-91
-25
-23
-9
-17
12
-7
-8
-12
11
14
-35
-61
-13
-25
-44
-6
-32
-100
-79
57
57
5
70
150
30
99
123
32
3
127
27
-68
-23
-22
17
18
-6
66
14
35
2
18
-171
-17
-36
2
28
35
110
73
70
47
89
62
-133
44
46
23
16
-6
17
-28
-1
-33
-81
-63
-100
-4
-24
62
-108
16
9
21
-89
47
0
-21
-79
-113
-53
-107
-96
33
-9
32
13
30
133
8
35
73
-41
20
-28
-63
10
-2
8
-99
-43
5
-31
-4
-40
-36
-52
-18
-27
34
-2
-40
-44
-4
-63
-27
6
-78
-41
-63
47
-8
-19
33
-11
-16
-59
-54
23
-29
-7
-4
-4
-42
-22
-59
46
37
-17
4
-1
-2
-40
12
66
27
42
-16
-60
-72
-47
-83
-116
-26
-36
16
-107
-133
-84
-24
-37
-87
-29
-20
-11
-12
-28
-23
-53
34
48
-79
-84
-95
-16
-49
9
-44
-76
-24
-41
-27
-54
-27
-37
-82
-85
-18
-18
-108
-73
-110
-36
-40
72
-47
21
-27
-27
-29
-77
-55
18
-14
-86
-3
25
-56
-26
-125
-125
41
-47
-58
-70
-66
-48
-147
-53
-61
4
-45
-7
-30
19
-45
18
17
-18
6
17
-20
-4
-33
-112
-4
20
-4
36
-60
-80
-75
-61
21
41
-5
-18
-163
-75
-41
-14
-19
-11
-87
-46
15
-27
-54
-35
7
2
27
-17
-44
37
3
-21
7
26
19
-30
18
-6
-10
10
-27
-127
-66
-112
-123
-189
-153
-49
-59
-4
-78
-80
-53
-120
-87
-92
0
4
-19
13
40
-26
13
2
-21
28
14
-20
12
0
-12
-74
-53
-68
-91
-110
-95
-136
-61
-104
-27
-46
-112
-37
-127
-68
-71
-63
14
-61
-17
-78
-79
-64
-71
-43
-103
-23
-37
-60
-13
-1
-10
-45
16
-75
-2
-40
-62
-133
-107
-28
-64
-51
-111
-36
-11
-17
-38
20
-64
-1
-44
29
0
-31
-4
0
25
55
-7
-49
-25
22
-7
-39
-7
28
-40
-27
-107
-140
-63
-10
-26
-37
-86
-6
-39
-1
-118
-46
-41
19
-34
39
10
-8
-31
-35
-67
-44
-25
-46
-65
-23
-28
-3
14
15
-90
-49
-86
-130
-149
-107
-46
-19
2
-38
-11
-43
-70
27
10
23
-65
-30
-31
5
0
-1
-41
-56
-68
-37
-26
-82
7
-52
35
-32
-113
-99
-59
-108
-106
-30
-39
-15
-19
-23
-36
-6
-23
-70
-85
-12
-12
-1
32
-48
-51
-19
5
32
-61
28
-43
-42
-13
-39
26
-44
-70
-79
-162
-176
-87
-60
-60
-139
-69
-51
-41
-106
-9
-6
-41
-60
-38
-31
58
19
-85
-24
32
-6
-49
-27
-30
-1
-67
-195
22
6
-70
-74
-135
-179
-75
-104
-70
-41
-71
-72
-41
-5
-26
-47
-125
-95
4
17
6
-93
-14
-39
-61
-71
-13
-67
-8
-31
-139
9
52
212
356
353
456
466
242
272
226
306
432
339
320
321
223
190
182
248
266
263
284
124
206
303
260
243
201
125
77
120
-34
61
49
279
371
351
490
425
288
288
175
373
426
428
338
294
209
186
219
199
272
250
298
110
234
258
260
234
238
146
199
125
150
183
52
53
143
220
289
266
194
57
21
142
65
41
15
136
-3
5
71
67
22
103
45
51
18
-15
-18
-57
83
37
59
12
24
-18
32
-32
54
153
234
171
183
64
84
80
163
58
14
-11
0
-2
-11
58
19
22
36
8
18
-29
61
30
23
45
10
32
18
-91
-21
28
33
0
165
131
64
19
-45
-12
45
74
-1
13
0
3
-26
3
6
-25
39
40
-3
-40
-51
27
-18
-74
56
14
58
104
53
39
48
-32
140
62
73
43
-31
-49
36
-31
-18
29
73
-53
-70
-40
-24
-34
29
-139
9
-27
-4
-23
30
-29
-6
27
14
-67
-69
11
-16
70
25
101
52
19
-12
-4
-29
-28
-9
-5
-31
32
-43
-34
22
-34
-7
-16
27
-59
29
-26
-20
49
26
58
17
72
22
-87
-7
3
-19
29
3
-143
-82
-16
-29
-54
-85
-8
-1
-105
6
-16
-8
-81
-6
-81
-73
-9
-21
-14
50
8
-3
-83
-15
-65
8
-16
-56
-93
-66
-46
-30
-35
-145
-77
-71
-73
-11
-11
-93
-34
-97
-22
-24
-34
-38
20
26
-61
-26
-5
-56
-23
-23
-107
-23
-38
82
-11
-40
-85
-84
13
-4
16
-25
-79
-97
-101
-17
-79
-31
-9
-59
-15
-9
-37
-60
-4
13
37
-87
20
-27
-30
-58
1
55
36
-10
25
-100
-98
-96
-53
-47
6
-1
-80
-139
-46
44
1
-20
-24
-98
33
-86
-56
-35
-9
13
-47
-1
-11
5
11
-88
-47
-21
7
-48
-1
-30
-126
-111
-149
-79
-13
-48
-139
-11
17
23
-59
-84
-45
6
-53
-82
-122
2
-56
1
6
-48
-75
16
-34
-144
-89
-64
-68
53
-38
-60
-18
-156
-115
-63
2
-53
-150
-122
-66
-98
-63
-69
-43
-9
-16
-72
2
8
-34
40
-42
-22
-52
-70
-60
-110
1
-101
-86
-19
-43
-54
-58
-142
-209
-11
-85
-107
-78
-54
-78
-75
30
-28
-30
43
-70
12
-7
-68
-32
-65
-66
-115
4
14
18
-41
-56
-30
-47
26
-67
-45
-37
-127
-159
-37
-69
-45
-91
-74
-14
-66
-32
-55
54
-19
-78
9
-30
-5
-27
-42
13
-51
-15
13
14
-19
33
40
2
60
-55
-90
-74
-117
-103
-41
8
-59
-44
-96
28
-20
-84
-52
1
-84
19
-155
5
4
23
1
-17
-10
-24
11
-31
-44
13
-29
4
-16
-28
-113
-116
-119
-121
-102
-8
-74
-93
-75
-5
-31
-28
-5
36
33
-28
-47
5
-15
-47
23
-95
-103
0
14
-24
-70
10
-88
-53
-7
-42
-101
-50
-93
-184
-59
-13
-11
-18
-99
17
47
-70
3
-5
27
-21
-46
-18
14
-46
52
17
-129
-22
25
-20
-29
-32
-19
3
56
-5
45
-82
-135
-87
-10
-12
-5
-25
-6
11
14
-39
57
22
57
15
33
13
-47
13
17
8
69
25
57
1
-29
91
96
111
87
274
446
365
523
542
442
364
335
293
500
504
428
352
426
423
366
382
398
391
392
384
342
364
424
449
481
479
515
544
564
574
44
162
180
171
191
278
213
282
224
262
221
210
224
223
239
123
174
106
103
115
53
55
11
96
92
84
83
99
139
109
177
191
-29
19
85
161
227
238
221
150
183
265
235
126
184
177
171
63
114
4
125
54
43
50
62
30
15
-4
13
-69
-58
-41
-1
28
-27
6
71
167
208
164
166
189
158
135
274
189
123
153
135
62
22
110
37
48
2
77
54
2
32
-13
66
19
27
46
44
124
-7
58
35
-6
119
162
102
97
105
76
168
120
144
65
94
111
26
61
84
74
30
4
36
-58
-12
40
2
43
24
69
112
97
-38
43
67
70
76
164
193
88
91
-26
23
90
39
47
105
-32
-28
18
1
73
14
30
-1
60
-7
-24
60
-66
-19
66
50
52
27
-65
18
47
-7
120
72
70
30
87
61
-20
50
42
-5
-57
38
14
-13
-21
-44
-35
57
-51
49
-27
8
-40
-32
-23
-10
-56
18
-11
-26
-17
-7
-82
-10
-6
-23
20
36
-36
17
45
-68
-78
4
-102
-64
-25
-16
-36
-68
-92
-101
-27
32
-11
-63
-63
-77
-47
-68
-37
34
8
13
-49
-39
-54
-26
-9
-75
10
-83
32
-19
-95
46
29
2
74
-27
-43
-61
-13
-23
-47
-15
-26
-30
-27
-69
-119
-26
8
-33
-51
-107
38
-115
-62
8
-21
-75
-35
-130
-33
-28
-111
-46
-27
-15
-45
-27
-76
-76
34
12
-43
23
-78
46
-12
-34
30
-13
-5
-27
-111
-77
-117
-57
-30
-89
-14
-73
-44
68
-127
-12
-24
28
-77
-71
17
-72
1
0
16
-47
1
58
6
33
-10
67
18
-66
-15
-125
-135
-124
-96
-34
-121
-42
-44
-71
-3
-46
-44
53
-18
-6
-149
-74
-32
3
-22
35
-40
-75
-81
74
-10
15
-56
-38
-18
-32
14
-125
-117
-99
-81
-105
-32
-54
-5
-51
-49
-47
-61
-31
-86
-37
-21
-42
-57
18
-23
-43
-24
-50
-55
-54
27
-59
-81
6
0
-41
28
-167
-11
-75
-73
-52
-35
-31
-15
20
-51
-20
7
-25
-7
4
-23
-7
-117
-85
-23
-26
-55
-39
1
-3
-43
18
-21
13
33
-30
4
-61
-55
-95
-99
-6
-121
-45
-76
-14
-54
-64
-14
-11
-83
-18
6
4
-24
3
9
-45
-20
-13
-63
-67
65
-4
-1
-12
-4
-23
-27
-52
-67
-151
-77
-143
-34
15
-84
-125
-62
-18
-108
-78
-52
6
-4
-19
-58
-29
-65
-21
-36
23
-62
-38
29
-49
-50
-80
-111
-57
-43
-65
-109
-203
-55
-143
-78
-18
-90
-56
-65
-14
-29
-50
9
31
13
1
25
-21
41
-90
-56
67
-23
-37
-41
-51
-66
15
20
-45
-26
3
-73
-122
-123
-139
-112
-72
-63
-67
-126
-99
5
-91
-15
-17
-23
-35
-60
-28
45
-16
-62
24
-23
-13
-186
-69
-40
-73
-95
20
-36
-66
-75
-75
-102
-139
-62
-56
-122
-71
-75
-107
-19
-27
-15
-34
-66
-62
-25
-68
25
20
54
-30
-30
22
-53
13
-32
8
32
64
221
351
356
467
492
230
265
363
414
415
361
293
338
318
266
176
125
-42
7
203
212
247
236
176
212
130
141
57
-5
82
43
40
149
156
186
236
244
208
174
141
220
244
147
95
121
108
27
45
94
76
35
14
-8
-43
30
84
67
73
89
40
87
111
134
-40
35
82
175
206
146
176
97
65
143
136
87
149
122
108
-19
20
8
-32
31
-17
38
44
33
-6
26
-98
8
-2
-29
-150
-65
-59
-11
18
68
148
100
56
16
33
110
1
-35
75
16
49
-44
-34
-54
-23
-40
-110
9
2
38
-22
19
3
-40
-8
-18
64
68
-49
-1
40
83
120
65
8
39
24
49
45
7
36
-9
-39
-83
-26
-27
-140
3
25
16
-9
-21
2
-78
-47
-23
-87
-52
-61
-84
-31
-19
37
32
-39
105
10
3
44
-14
-31
-36
-58
-11
-10
-68
8
2
-6
-35
42
-5
-115
15
-20
-41
-77
35
-21
-46
-58
-52
16
-55
18
-1
13
104
36
-9
-4
-36
-22
36
38
36
28
-33
8
16
-9
36
-22
-6
-2
-82
-1
-44
-39
42
-24
73
50
-5
-76
-72
-73
-57
-15
-58
1
11
-22
-65
26
-4
-45
-80
-28
31
-59
0
-40
2
84
-19
-45
13
-51
51
-31
-56
-93
-11
-83
-57
-27
-43
-16
5
-126
-56
-81
17
-78
-4
-6
-25
26
-50
-24
25
40
0
16
-64
-56
12
13
-8
-9
8
36
33
-27
1
32
61
-43
-49
9
-129
-147
-89
-84
-111
-77
-82
-73
21
-29
-25
-11
-13
-23
-46
-8
-69
-36
42
-64
4
-26
-88
-37
-25
-86
12
-45
-64
69
-52
-136
-94
-108
-135
-79
-67
-20
-65
-95
-72
11
-36
-42
-104
-8
-30
-41
-16
-71
-21
9
-23
10
-14
61
-2
0
9
66
47
42
-48
-81
-82
-86
-85
-149
-54
6
-83
-71
-58
-68
-100
-44
-12
5
7
-13
-30
-8
-80
36
-30
-63
-49
-16
-22
24
-5
59
57
