-57
-28
-55
-55
-30
-31
-50
-91
-63
-8
-56
-58
-53
-59
-29
-68
-12
-79
-18
-53
-42
-64
-47
-81
-44
-52
-3
-84
-47
-17
-49
-40
-47
-28
-55
-36
-12
7
10
-38
-12
-24
-40
-56
-35
-17
-55
-45
-46
3
-2
-6
-14
2
-8
-20
-19
-19
8
-36
-29
-18
-14
11
-74
9
-72
-5
-4
-29
-49
-39
-9
-54
-74
-10
-59
-15
-18
-64
-49
-4
-84
-11
-29
-80
-27
-20
-50
-35
-27
-2
-53
-14
-29
-9
-37
-15
-66
-32
-38
-12
-53
-17
-44
-39
-34
-49
-87
-82
-94
-85
-60
-22
-17
-86
-85
-63
-3
-38
-35
-97
-79
-47
-30
-37
-58
-23
-66
-81
-42
-42
-56
-42
-44
-69
-72
-38
-114
-136
-35
-86
-111
-78
-24
-76
-73
-43
-56
-87
-77
-79
-50
-68
-73
-78
-62
-38
-61
-59
-10
-5
5
4
4
-46
-31
-30
-63
-20
-14
-22
-10
-47
30
-15
-24
-59
-43
2
-22
28
-32
20
-7
19
-5
14
4
28
7
28
-12
-15
10
-46
-28
6
-8
9
-8
5
-20
-23
-20
-3
6
-23
46
-1
22
-3
1
-5
-19
42
0
23
31
31
43
45
40
57
-43
-59
-59
-62
-37
-70
-86
-52
-59
-44
-45
-80
-130
-58
-93
-37
-49
-81
-160
-125
-83
-49
-56
-74
-23
-59
-72
-71
-85
-74
-62
-74
3
-38
-10
-12
-78
-36
-24
-16
-57
-32
-66
-51
-67
-91
-62
-54
-34
-39
-22
-48
-36
-4
4
-65
-44
-6
-74
-9
-29
-13
-12
-1
-33
-35
15
-6
-31
-22
-18
-36
-7
-43
-33
-37
-111
-78
-22
-13
-35
-29
-45
-33
-20
-57
-61
-103
-34
-31
-53
-22
-36
-13
-30
-16
6
37
99
171
164
145
97
130
91
35
60
96
70
43
56
-15
-23
6
25
-68
27
-37
-69
-41
-22
-34
-41
-30
-74
-8
-46
-35
32
97
117
175
144
138
109
132
78
66
89
80
107
91
39
52
55
72
74
36
40
59
66
55
53
52
63
72
106
88
119
86
0
12
47
39
6
15
-6
-59
-24
-38
-30
2
12
-52
-32
-5
3
22
-7
-8
27
4
-16
5
6
-2
6
25
25
20
29
19
-47
4
6
-18
-33
-27
-52
-95
-53
-43
-56
-28
-21
-39
-29
-28
-17
-105
-59
-52
-25
-1
15
-4
-55
-26
-31
-30
-21
-44
-5
-16
-62
-61
-48
-29
3
-10
-57
-84
-30
-146
-31
-84
-34
-62
-85
-84
-60
-72
-28
-49
-49
-50
-7
-63
-25
-35
-62
-34
-86
-95
-70
-57
-30
-72
15
-66
-88
-52
-33
-71
-67
-96
-94
-68
-56
-62
-45
-101
-88
-4
-14
-84
-48
-75
-48
-52
-30
-71
-78
-91
-69
-100
-126
-120
-76
-44
-102
-41
-26
-9
-9
-54
-65
-62
-39
-52
-86
-55
-70
-47
-1
-104
-21
-41
12
-16
-67
-68
-65
-62
-75
-136
-83
-89
-86
-100
-10
-90
-78
-85
-46
-79
8
-37
-86
-90
-5
-100
-47
-12
-62
-37
-48
22
-62
-38
-33
-77
-37
-5
-72
-61
-26
-14
-32
-20
-18
-20
-16
2
-6
8
23
42
-9
25
64
1
45
8
24
26
22
21
10
21
31
39
2
24
-20
-3
51
5
18
54
43
46
43
62
-61
-61
-86
-80
-7
-5
-95
-62
-27
-86
-27
-81
-6
-59
-57
-112
-19
-72
-50
-69
-39
-40
-8
-22
-27
-78
-76
-30
-49
-43
-35
-38
-66
-112
-95
-38
-29
-13
-57
-118
-66
-61
-63
-98
-86
-77
-47
-43
-112
-76
-85
-81
-95
-109
-58
-26
-56
-17
-83
-47
-61
-64
-81
-60
-77
-67
-89
-20
-53
-42
-70
-3
-28
-53
-50
-95
-112
-80
-104
-51
-75
-78
-28
-85
-143
-56
-56
-69
-108
-102
-90
-151
-100
-139
-175
-158
-60
-17
-42
-9
-33
-18
-30
-14
-22
-60
-72
-49
-12
-55
-47
-76
-40
-44
5
-8
-41
-31
-11
-42
-75
-32
-45
-41
-38
-33
-50
-36
-3
14
32
-56
24
13
26
29
24
19
-7
1
0
14
47
-12
-18
23
-4
13
-1
51
29
30
20
52
43
45
52
52
63
71
-69
-55
-27
-48
-1
-49
-93
-67
-74
-87
-144
-73
-68
-62
-23
-72
-96
-91
-65
-124
-74
-25
-54
-65
-72
-119
-71
-116
-83
-92
-77
-117
-36
-23
-11
-37
11
7
-13
-23
-21
37
-14
-6
-25
-8
32
27
13
-26
7
15
-62
7
-4
9
1
38
14
-3
11
27
15
26
-89
-17
-14
-14
-45
-34
-62
-40
-20
-11
-18
-35
-118
5
-26
-27
-14
-77
-79
-42
-47
-44
-63
15
-35
-64
0
-17
-10
-6
-5
3
-38
-96
-105
-21
-17
-149
-53
-21
-55
-34
-16
-96
-65
-49
-70
-34
-39
-52
-83
-40
-56
-46
-61
-72
-114
-44
-85
-85
-93
-100
-89
-85
-44
-94
-101
-103
-38
-16
-2
-65
-63
-31
-37
3
-44
-30
-49
-107
-67
-50
5
-71
-33
-38
-167
-134
-107
-71
-118
-94
-56
-169
-110
-118
-123
-29
-33
-31
-6
43
-34
-43
-9
-59
-62
-49
-42
-89
-75
-66
-13
-34
-34
-34
-12
-37
-91
-58
-46
-56
-110
-53
-57
-73
-75
-81
-138
-88
-39
-67
-1
3
-40
-104
-34
-75
-91
-90
-45
-86
-75
-34
-48
-51
-42
-39
-24
-49
-47
-55
-9
-63
-110
-51
-64
-79
-73
-78
-96
-65
-136
-49
-30
12
-98
-38
-35
-72
-56
-56
-47
-102
-56
-71
-53
-78
-86
-85
-38
-82
-58
-90
-131
-83
-97
-160
-124
-138
-99
-133
-73
-83
-135
-92
-85
-69
-58
-64
-28
-32
-41
-70
-10
-69
-105
-25
-52
-106
4
-32
-54
-36
-38
-63
-78
-93
-98
-82
-173
-118
-126
-139
-92
-105
-54
-49
14
-39
-41
-112
17
-33
-41
-1
-13
-12
-28
15
-72
-83
-42
-46
11
-21
-45
-6
-5
0
-11
-40
-7
-14
10
3
-85
-15
-43
5
25
-32
-3
-8
-44
-25
-49
-15
63
-2
-28
-24
-27
-26
-15
-82
-23
-6
-54
6
-12
-54
-24
-21
-6
17
7
13
-68
-54
-9
-25
-52
-16
-24
8
-50
-24
-49
-94
-78
-19
-108
-72
-54
-64
-95
-45
-66
-89
-76
-35
-36
-59
-66
-101
-115
-106
-120
-115
-67
-79
-60
-139
-6
-61
-20
32
-52
-76
-68
-66
-84
-83
-115
-72
-67
-68
-37
-113
-81
-65
-158
-93
-63
-53
-65
-146
-172
-141
-142
-151
-36
-19
-56
-68
-18
-57
-20
54
-6
-38
-31
-60
-29
-47
-36
-93
-40
-22
-59
-35
-24
-11
-42
-65
-42
-3
-33
-106
-54
-55
-56
-47
-54
-117
-34
-42
-47
3
-3
20
9
-32
-18
40
-29
33
-21
-22
-6
-27
4
-20
-28
18
-47
-9
-57
-2
-17
4
-29
0
-2
11
37
57
-43
-6
-51
35
-16
21
30
-82
-84
-20
42
-41
-2
54
-24
10
-44
3
-16
46
-17
-22
-14
51
120
46
-55
-17
-67
-20
34
75
14
34
-59
79
36
-8
44
-41
-47
-7
9
3
-2
54
1
-2
-72
-22
-7
3
-9
-23
-5
37
114
39
-81
-73
-143
-93
-52
3
-23
-11
-65
-9
0
-19
-22
-30
-15
-47
-14
-60
-48
-7
-78
-89
-8
-6
-1
-37
11
-17
-24
-94
-50
-53
-40
-46
-23
-38
-75
-24
-75
-34
-84
-32
-60
-39
8
-59
-139
-78
-72
-77
-28
-32
-71
9
-49
27
-5
-23
-76
-76
-59
-65
-153
-135
-136
-206
-114
-247
-58
3
52
-12
-34
20
51
9
55
124
185
105
98
113
95
111
97
179
144
108
59
51
40
89
54
61
22
4
3
24
2
0
94
71
56
-26
-21
12
-18
32
94
251
212
162
164
206
168
119
141
198
184
216
145
154
163
149
125
110
121
53
13
10
-1
-23
234
228
194
194
172
168
213
196
177
225
184
284
229
248
243
262
218
198
274
200
237
212
216
241
215
244
249
259
264
278
272
278
223
180
196
123
161
182
162
168
173
202
228
231
258
216
156
206
167
239
147
199
222
169
215
232
203
223
214
192
210
204
225
209
215
241
188
202
190
200
195
211
252
186
289
275
290
267
217
220
247
276
234
245
265
262
264
233
203
254
272
260
266
284
273
278
255
211
213
181
184
176
193
196
219
182
255
253
273
234
232
245
226
274
221
240
185
212
217
204
245
258
239
246
234
242
245
257
214
157
94
95
59
104
139
112
101
162
164
213
134
133
197
188
157
149
118
128
139
129
137
113
175
102
161
152
165
156
162
173
196
89
110
57
-22
46
88
109
43
136
118
124
147
118
144
138
81
126
83
137
70
69
94
76
108
67
130
144
97
124
131
126
178
118
89
21
25
-26
45
50
51
74
37
140
81
128
25
79
42
38
67
46
52
-26
12
53
-13
5
21
50
-10
13
-6
6
122
189
140
147
133
117
152
170
108
161
180
115
149
152
148
148
152
177
141
157
139
143
168
175
132
176
181
194
209
209
210
218
129
67
110
102
102
91
70
98
114
122
73
82
86
112
93
107
65
32
93
115
61
97
77
117
106
120
114
126
134
152
146
159
83
-9
38
-59
-29
-18
11
-24
12
45
-19
36
-3
59
45
-17
-14
16
-21
31
-3
38
-58
-18
-53
8
29
-22
-24
18
23
20
128
93
89
49
53
64
62
49
57
73
105
84
113
84
92
58
125
76
96
62
53
78
101
60
85
77
103
120
126
129
145
132
132
128
101
109
51
119
118
112
109
121
84
135
135
116
129
140
119
126
106
115
103
132
110
141
122
155
130
175
161
181
178
185
18
17
10
-63
-55
-35
-39
-52
1
11
-38
17
26
-60
-6
9
10
-36
0
42
24
-56
22
-34
-23
-18
4
-7
4
5
22
13
73
2
18
35
8
30
15
15
18
32
3
27
-1
21
6
38
30
29
25
64
-7
34
-6
71
42
28
-2
65
39
63
58
71
126
24
59
47
39
51
65
43
56
59
31
46
92
65
88
70
90
65
67
84
95
91
59
106
65
96
100
112
104
129
110
130
67
32
40
40
22
27
40
52
49
15
71
49
65
54
58
66
64
16
64
88
17
46
31
59
46
55
73
86
99
100
111
108
53
51
39
47
44
6
30
72
30
28
39
16
40
25
58
22
58
55
53
58
57
43
34
19
66
68
84
102
97
117
111
119
135
160
173
240
203
98
194
215
223
181
73
58
45
209
164
112
86
66
71
85
79
91
50
93
35
125
114
128
126
131
143
134
98
55
97
76
42
65
45
46
51
49
96
37
105
115
78
89
97
88
45
38
68
70
86
45
108
95
98
91
112
105
127
104
45
-37
-5
6
6
-34
-16
-17
-12
33
-63
-27
7
-1
2
-17
-34
-20
12
-13
-49
-26
-30
-72
21
-39
-9
-13
-32
-44
-27
-20
-34
-80
16
13
29
-34
-39
-34
-18
18
-3
-22
-11
-57
-16
-58
-45
-5
20
-59
-18
-51
-9
-8
-25
-10
4
-26
14
-26
1
-20
2
6
14
3
17
-64
28
13
-5
10
6
-30
2
14
-20
34
14
-14
-10
20
3
14
-23
10
-1
18
35
38
54
43
53
42
69
49
77
72
42
80
62
64
62
105
68
33
63
82
73
119
72
63
89
93
72
91
74
85
53
95
88
104
95
133
104
130
5
6
-52
-124
-44
-70
-65
-54
-33
-44
-85
-64
-71
-82
16
5
-66
4
-50
-46
-69
-48
-24
-56
-59
-30
-67
-53
10
-20
2
-4
-7
-23
-14
-15
-28
4
-23
-20
-29
-3
0
-6
-34
-36
12
8
-20
8
-4
-22
-37
-16
11
-53
4
-24
38
29
35
46
42
42
54
24
60
17
27
56
31
46
37
33
65
44
21
42
76
58
76
48
36
59
56
63
85
76
44
87
82
87
103
111
109
115
-15
-116
-102
-68
-119
-117
-103
-56
-77
-124
-39
-55
-42
-29
-98
-67
-83
-24
-98
-101
-16
-73
-24
-112
-38
-20
-68
-135
-48
-91
-51
-73
-24
-23
-30
-85
-36
-65
-35
-49
-16
-29
-31
-11
-10
12
-19
-7
-95
36
-18
23
-29
-33
10
15
7
27
-12
17
-24
32
2
25
-90
-101
-85
-76
-81
-67
-115
-50
-79
-125
-19
-68
-118
-40
-40
-80
-43
-81
-57
-96
9
-18
-17
-123
-40
-10
-80
-48
-56
-80
-84
-79
-121
-111
-86
-129
-90
-194
-137
-94
-106
-95
-95
-94
-106
-50
-93
-78
-95
-94
-11
-80
-110
-50
-64
-44
-88
-107
-97
-123
-95
-219
-240
-295
-118
-85
-106
-78
-99
-195
-158
-111
-107
-99
-151
-108
-92
-41
-76
-126
-44
-128
-88
-95
-96
-105
-50
-81
-76
-87
-113
-159
-154
-231
-197
-269
-77
-76
-24
-75
-63
-83
-56
-13
-103
-5
8
-36
-33
-61
-36
-12
-55
-50
-55
-7
-6
-57
-8
-53
-30
7
-27
-10
-39
-28
-42
-14
-128
-77
-96
-31
-84
-109
-57
-61
-46
-108
-137
-104
-43
-56
-120
-93
-51
-76
-96
-42
-118
-39
-93
-36
-36
-50
-30
-47
-69
-73
-84
-78
-80
-97
-97
-103
-106
-97
-122
-84
-80
-88
-16
-78
-96
-86
-104
-130
-49
-97
-38
-102
-83
-56
-122
-47
-58
-104
-112
-62
-101
-122
-101
-108
-24
-109
-77
-105
-64
-91
-149
-68
-124
-75
-107
-64
-78
-69
-85
-132
-123
-96
-133
-73
-103
-118
-87
-90
-67
-67
-120
-152
-143
-194
-188
-174
-32
9
-33
-10
-14
-17
41
-3
-38
1
-16
0
17
5
9
-6
-6
10
-16
23
6
12
-7
9
-16
-1
4
22
42
29
9
42
-23
20
-26
-3
-13
-3
10
-13
4
-2
-36
-19
18
5
-46
10
19
59
7
11
-13
47
32
51
-17
55
25
49
10
55
38
57
-28
-57
-26
-59
-69
-30
-14
-106
-75
-94
-75
-65
-51
-43
-57
-52
-5
-23
-38
-54
-62
-30
-41
-25
-7
11
-35
-56
-33
-11
-22
-6
-42
-87
-104
-134
-148
-53
-35
-79
-84
-81
-105
-112
-144
-144
-78
-80
-42
-29
-84
-69
8
-49
-56
-30
-78
-80
-119
-110
-64
-136
-73
-135
-67
-117
-64
-48
-101
-83
-42
-45
-70
-10
-58
-53
-63
-47
-46
-45
-21
-28
9
-9
6
7
-79
-136
-16
-81
-37
-42
-33
-22
-16
-24
-117
-12
-65
-42
-91
-92
-64
-73
-35
-66
-48
-66
-53
-79
-36
-57
-59
-27
-24
23
-12
-65
12
-91
-72
-68
-66
-22
-27
-39
-37
-24
83
284
220
310
278
274
177
113
82
174
261
202
37
-24
11
48
107
46
-9
42
62
-19
142
87
77
-100
14
-36
-20
11
-48
-77
112
289
259
306
275
272
168
129
69
164
268
198
93
18
47
83
89
91
70
48
84
39
146
93
85
-3
14
34
39
30
35
48
-40
32
65
99
64
48
-35
-1
-25
18
42
82
-54
52
54
21
-15
10
1
-2
-21
7
-27
47
5
-7
18
26
47
53
62
52
23
38
68
73
115
29
20
-29
17
-1
-13
-55
10
-1
-14
13
-20
10
-15
-25
-20
-37
-47
15
-43
-18
-16
5
16
27
8
22
-38
21
64
28
52
9
27
30
-7
20
15
55
-6
7
58
54
14
21
5
35
46
27
29
25
38
53
49
48
34
28
56
50
-24
-6
-6
-25
-11
-16
-4
86
21
27
56
10
36
-40
29
21
4
-25
-12
-8
-6
-32
12
15
11
-31
-25
6
-15
10
-36
-17
67
3
-74
-34
34
-43
-29
-24
2
-71
-1
-15
1
-23
-22
-6
-19
-3
-69
-22
-31
-18
-64
-14
3
-20
8
9
29
23
36
15
73
46
47
43
4
35
67
43
82
51
61
73
42
63
73
98
65
71
81
75
67
78
80
87
66
86
76
116
107
112
114
130
-2
-69
-80
-27
-34
-105
-14
-23
-73
-67
-109
-68
-69
-40
-16
-98
-107
-144
-55
-57
-56
-64
-23
-47
-69
-100
-37
-67
7
-44
-22
-39
-28
-92
-90
-71
-82
-48
6
-42
-28
-80
-126
-50
-87
-140
-59
-143
-104
-132
-94
-148
-59
-107
-43
-100
-68
-61
-106
-100
-113
-112
-99
-112
-11
-17
-64
-33
-28
5
2
1
-1
-28
-28
-43
-20
8
-32
-29
24
0
1
-42
-15
0
0
-4
15
-3
-25
38
10
34
30
38
14
36
27
28
30
44
24
65
65
45
36
22
70
49
35
69
52
54
28
45
29
79
58
86
87
50
83
95
80
92
76
108
-10
-53
-60
-77
-22
-66
-38
-64
-58
-46
-52
-51
-73
-42
-68
-96
-61
-50
7
-56
8
-29
-58
-38
-28
-80
-17
-16
5
-36
-11
-17
