0.285982
0.0921453
1.22366
0.984815
1.00281
1.04798
0.368166
0.119017
0.352751
0.287947
0.361434
0.232025
0.300566
0.217368
0.128198
0.0139672
-0.0351048
-0.130156
-0.172765
-0.488241
-0.522123
-0.374783
-0.403273
-0.317792
-0.287924
-0.271794
-0.178404
0.0398045
0.0941466
0.250817
0.224205
0.361763
0.0206322
-0.13274
0.827441
0.973583
1.09272
0.214124
-0.158414
0.0360333
0.0781378
0.13371
0.0575589
0.0842075
0.0499163
0.0143825
-0.414018
-0.10255
-0.385691
-0.610762
-0.60432
-0.673744
-0.796412
-0.445822
-0.483591
-0.66075
-0.541773
-0.481713
-0.519041
-0.286693
-0.209175
-0.193321
-0.210175
-0.275664
-0.546141
-0.921331
-0.967996
-0.696815
-0.74097
-0.33393
-0.487707
-0.0462405
-0.322091
-0.454854
-0.586359
-0.177052
-0.342307
-0.375131
-0.397153
-0.717359
-0.340421
-0.200681
-0.188865
-0.185149
-0.200778
-0.450117
-0.0819226
0.109494
0.0692869
0.239152
0.167833
-0.268447
-0.286385
-0.424774
-0.225551
-0.45015
-0.408165
-0.466742
-0.854771
-0.731767
-0.776646
-0.569628
-0.799528
-0.74521
-0.896366
-0.934322
-0.767415
-0.422031
-0.622065
-0.638417
-0.443088
-0.206281
0.118305
0.332221
0.765461
0.519155
0.586961
0.1076
0.10199
-0.0897277
-0.143085
-0.340874
-0.203022
-0.397313
-0.794834
-0.827257
-0.842777
-1.32347
-0.174392
0.252038
-0.121273
-0.207424
-0.551987
-0.410689
0.463597
-0.021571
-0.200718
0.14494
0.132127
0.184336
0.307765
0.38899
0.775823
0.817394
0.835326
1.11625
1.23339
1.0886
0.81845
0.654233
0.657248
0.869312
0.79028
0.665066
0.520744
0.786446
0.44605
0.586202
0.565267
0.643845
0.283023
0.872341
0.670141
0.489169
0.62473
0.945763
0.804461
0.727004
0.811874
1.03209
0.557816
0.438595
0.902278
1.02455
0.87433
0.369071
0.359507
0.278945
-0.0123488
-0.0679835
-0.238472
-0.209699
-0.233154
-0.323906
-0.22108
-0.104992
-0.0447162
-0.109687
-0.0490352
0.225392
0.222357
0.371743
-0.548376
-0.903296
-0.903065
-0.701691
-0.572587
-0.991719
-0.616776
-0.357457
-0.571589
-0.835091
-0.835715
-0.914346
-0.715916
-0.794101
-1.22036
-1.11968
-1.07837
-1.03213
-1.01533
-0.902639
-0.833012
-0.746883
-0.905525
-0.806191
-0.900955
-1.00193
-1.12588
-1.14178
-0.93511
-1.13364
-1.36706
-1.09326
-0.241556
-0.642979
-0.960926
-0.8086
-1.06942
-1.02015
-0.281276
-0.438949
-0.348772
-0.498883
-0.764323
-0.665539
-0.876462
-0.9415
-0.619554
-0.466288
-0.37569
-0.125394
-0.1769
0.195147
0.136445
0.280921
0.18756
0.14999
0.307302
-0.217413
-0.195837
-0.287408
-0.718271
-0.877161
-1.17911
-0.910499
-0.23209
-0.650152
-0.642057
-0.520568
-0.632478
-0.835571
-0.480714
-0.560482
-0.764771
-0.113697
-0.0320783
-0.161709
-0.481835
-0.393254
-0.231185
-0.0788895
0.165888
0.242264
0.797595
1.10767
1.06227
0.696356
0.93234
0.869125
0.568883
0.451057
0.285743
0.049278
0.0470817
0.128059
-0.0355196
-0.115107
0.0408855
0.21128
0.120336
-0.0467854
-0.047206
0.635207
0.203134
-0.112144
-0.00786697
0.401696
0.176144
0.328637
0.239301
0.432439
0.928823
0.925371
0.940648
1.17437
1.28814
1.69721
1.21587
1.02081
0.912594
1.10131
1.07003
1.18961
1.00721
0.978883
0.810978
0.769071
0.669176
0.581271
0.131895
0.44965
0.339764
0.0750448
0.393729
0.161224
-0.252926
-0.17489
0.172865
0.20514
0.189463
0.122699
-0.113071
-0.259585
-0.441976
-0.501596
-0.394164
-0.642968
-0.797149
-0.597996
-0.544494
-0.261922
-0.450633
-0.35012
-0.444551
-0.290793
-0.399214
-0.051723
0.0366514
0.164718
0.220697
0.295335
0.361991
0.628549
0.815797
0.719751
1.00462
0.328867
0.0840708
0.330687
0.4208
0.067119
0.372011
0.275103
0.369769
0.108234
-0.114628
-0.357765
-0.120403
-0.229519
-0.558756
-0.563228
-0.371743
-0.395881
-0.246061
-0.38879
-0.29937
-0.172301
-0.179837
0.23813
0.276929
0.339759
0.385647
0.550952
-0.250049
-0.733368
-0.495172
-0.365774
-0.154545
-0.159226
-0.604865
-0.584591
-0.244822
-0.465227
-0.442817
-0.412602
-0.655877
-0.212567
-0.246953
-0.219763
-0.663032
-0.510935
-0.575355
-0.771593
-0.880146
-0.485736
-0.703008
-0.936494
-1.04585
-0.950815
-0.602135
-0.733201
-0.761222
-0.855188
-0.898011
-0.897623
-0.255815
-0.430188
-0.719256
-0.792299
-0.834855
-0.78231
-0.474173
-0.573311
-0.648756
-0.42447
-0.699456
-0.728578
-0.902157
-0.963444
-0.797121
-0.764911
-0.755336
-0.648891
-0.737953
-0.405748
-0.459487
-0.501762
-0.307141
-0.55972
-0.263969
-0.361744
-0.391389
-0.964862
-0.719932
-0.928629
-0.868357
-1.12799
0.448836
0.793134
0.62866
0.588838
0.494605
0.351916
0.69891
0.818539
0.675647
0.94327
0.68087
0.483698
0.70532
0.82446
0.827992
0.724717
0.143836
0.0610546
-0.0601182
-0.307249
-0.0658851
0.0256252
0.0367892
-0.0278845
0.0533845
0.0836703
0.168522
0.449781
0.58364
0.613244
0.805705
0.791089
0.561267
0.839423
0.847228
0.713255
0.664188
0.997801
1.03847
1.28731
1.31359
0.698344
0.701603
0.498988
0.822025
0.544621
0.377203
0.214035
0.126116
-0.0233671
-0.334807
-0.344057
0.0184349
0.0456505
0.236308
-0.00649834
0.193049
0.0596509
0.192986
0.457172
0.674992
0.684481
0.876509
0.901249
0.266521
0.78258
0.396445
0.357471
0.613515
0.814487
0.477148
0.318345
0.225472
-0.194803
0.220362
0.310494
0.105337
-0.405881
-0.522384
-0.269544
-0.105772
-0.498835
-0.529908
-0.574098
-0.194627
0.00726947
-0.175566
-0.172598
-0.155908
-0.0887113
-0.0904971
0.0924738
0.154884
0.348494
0.356281
0.518779
-0.402401
-0.622676
-0.811983
-0.68326
-0.890354
-0.702365
-0.665152
-0.738079
-0.699766
-0.645893
-0.437418
-0.422833
-0.176508
0.0089213
0.0864337
0.314272
0.571207
0.63271
1.10394
0.913894
0.938542
0.686288
0.383142
0.78704
0.483219
0.797201
0.506856
0.20827
0.274387
-0.0478914
0.08703
0.0049096
0.226792
0.0921344
-0.0470237
-0.0194456
-0.0790118
-0.234118
-0.0471633
-0.0439818
-0.0698295
0.283541
0.378452
0.425933
0.586353
0.678194
0.827143
1.02264
0.77262
0.563967
0.563482
0.562413
0.3589
0.266464
0.438699
0.641984
0.660112
0.628328
0.831207
0.535068
0.616968
0.686211
0.581823
0.563895
0.431159
0.4902
0.65405
0.672501
0.459147
0.542339
0.730738
0.759972
0.724212
0.369442
0.737738
0.519976
0.497565
0.741718
0.622475
0.403159
0.220527
0.251857
0.0125579
-0.202363
-0.028697
0.0813869
0.103205
0.112218
0.108915
0.169349
0.248866
0.405814
0.457257
0.491409
0.631861
0.608942
