-0.778427
-1.46451
-1.09216
-1.02162
-0.853216
-0.688766
-0.745118
-0.799825
-0.607024
-0.991508
-0.586643
-0.611067
-0.967473
-1.05792
-1.15092
-0.837161
-0.798349
-0.949857
-0.978022
-0.755337
-0.774402
-0.470695
-0.758055
-0.904991
-0.884355
-1.12772
-0.832737
-0.907032
-1.01856
-1.23948
-1.46926
-1.37809
-0.788555
-1.34998
-0.962001
-0.948246
-0.97198
-0.738822
-0.648625
-0.654177
-0.723157
-0.95436
-0.370657
-0.391407
-0.964365
-1.20512
-1.06436
-0.685762
-0.779283
-0.794012
-0.607743
-0.991478
-0.66531
-0.435231
-0.746297
-0.890056
-0.777604
-0.78746
-1.01515
-1.04846
-1.05381
-1.23086
-1.54262
-1.74387
-0.151164
-0.56199
-0.516139
-0.256144
-0.597708
-0.588457
-0.793462
-0.764285
-0.58663
-0.737539
-0.446185
-0.570136
-0.788295
-1.0501
-1.07302
-0.886826
-0.651014
-0.968882
-1.03164
-0.622432
-0.711363
-0.485343
-0.426297
-0.623393
-0.684245
-0.715897
-0.792882
-0.692241
-0.818526
-0.651463
-0.86256
-0.921186
0.0628562
0.563189
0.51328
1.1105
0.0588351
-0.229583
-0.408429
-0.138503
-0.0220741
-0.0913196
-0.172453
-0.0769004
0.300648
0.241867
-0.0960507
-0.62977
-0.442314
-0.496
-0.39061
-0.418055
-0.152866
-0.00946392
-0.0412244
-0.139341
-0.116386
-0.245253
-0.131046
-0.124959
0.102395
0.117821
0.222454
0.212546
-0.27978
-0.844107
-0.708281
-0.591127
-0.588682
-0.640587
-0.535344
-0.453616
-0.630424
-0.326043
-0.389778
-0.0412071
-0.92157
-0.979359
-0.89054
-0.440018
-0.441017
-0.720738
-0.539592
-0.3405
-0.263417
-0.292229
-0.347486
-0.178976
0.0649542
-0.303035
-0.426812
-0.282101
-0.385509
-0.28213
-0.260352
-0.267943
0.110803
0.164284
0.0260235
-0.0663603
0.159505
-0.131669
-0.0802773
-0.092546
-0.264289
-0.358309
0.0305974
-0.10141
-0.613879
-0.589974
-0.427618
-0.32135
-0.0869059
-0.22252
-0.388542
-0.201698
-0.0429104
-0.134982
-0.0117155
0.083338
-0.176701
-0.127339
0.149792
0.257177
0.464148
0.468557
0.605181
0.632434
-0.0114623
-0.0115481
0.11349
0.230285
0.00608423
0.681204
0.441763
0.273681
0.311702
0.334154
0.364924
0.00206551
0.0621695
0.532128
0.648311
0.463384
0.577196
0.637502
0.789133
0.522312
0.407396
-0.161695
0.139255
0.228115
0.0976626
0.283702
0.155692
0.0202324
-0.0622561
-0.125858
-0.0786151
-0.195578
-0.0880958
0.0164146
-0.531358
-0.530229
-0.473605
-0.109667
0.609425
0.463374
0.643361
1.28889
0.452188
0.0847073
0.631599
1.06739
1.45507
1.62743
0.821116
1.45482
1.33209
1.23508
1.20342
0.815309
0.629093
0.901786
1.03165
0.75314
0.754692
0.644869
0.615636
0.627658
0.562886
0.504793
0.400356
0.685339
0.253778
-0.104902
-0.116086
0.188734
1.26824
1.18582
0.954135
1.15837
0.428936
0.376604
1.18116
1.45097
0.951031
0.504358
-0.136748
-0.162577
-0.417694
-0.308194
-0.360184
-0.618787
-0.270419
-0.329801
-0.133725
-0.425647
-0.120784
0.0731906
-0.0491213
-0.0518805
0.138303
0.118216
0.13611
0.528427
-0.055507
-0.209464
0.0618242
0.336189
0.333732
0.228689
-0.131385
-0.493479
-0.313574
-0.249099
-0.560365
-0.832556
-0.925592
-0.692233
-0.463506
-0.639918
-0.390838
-0.359586
-0.550928
-0.18587
-0.382561
-0.290318
-0.514551
-0.421588
-0.570017
-0.364157
-0.176003
-0.082126
-0.130131
-0.0318478
-0.119052
-0.192758
-0.263686
-0.456597
-0.150685
-0.129388
0.0370778
0.129679
-0.092878
0.190471
-0.0747641
-0.235909
-0.0760935
0.235523
0.210244
0.443663
0.637817
0.948423
1.26695
0.949705
0.656041
0.359353
0.133745
0.265852
0.101975
0.315247
0.396958
0.0805593
-0.0838784
-0.170129
-0.266101
-0.263096
0.176033
0.215876
0.0133002
-0.19348
0.02674
-0.487623
-0.390226
-0.357728
-0.427951
-0.3816
-0.328962
-0.250277
-0.770969
-1.01044
-0.902936
-0.666246
-0.560393
-0.53637
-0.680303
-0.478844
-0.349782
-0.3638
-0.254837
-0.249414
-0.448462
-0.384391
-0.253544
-0.197212
-0.0331996
0.224896
0.180321
0.228309
0.421053
0.88078
1.22595
1.19746
1.45517
0.642946
0.656815
0.636622
0.460424
0.124352
0.525494
0.625513
0.246635
0.363618
0.333316
0.278603
0.432461
0.219614
0.204358
0.354261
0.409954
0.527897
0.681478
0.532196
0.593451
0.532405
0.852356
0.969579
1.02068
1.19977
1.28326
1.33194
0.307488
0.789448
1.34838
0.882508
1.12518
1.08119
0.397933
0.615421
0.620665
0.569132
0.516256
0.387945
0.748372
1.08373
0.644061
0.577996
0.660582
0.53266
0.611811
0.345454
0.0441244
-0.0220269
-0.137271
0.172684
0.0653073
0.267275
0.45699
0.34786
0.346448
0.261402
0.433245
0.468156
0.388
0.444845
0.116954
0.0544584
-0.0146824
-0.242353
-0.285793
-0.160886
-0.257056
0.045055
0.0069873
-0.169591
-0.179838
-0.639248
-0.503333
-0.351127
-0.297048
-0.370682
-0.397228
-0.281138
-0.0691044
0.0213927
0.149805
-0.0755695
0.0215195
-0.0174686
-0.076904
0.0982801
0.22349
0.322516
0.218083
0.341013
0.393659
0.776107
0.95251
1.2986
0.733254
0.200683
-0.132034
-0.192586
0.412867
0.504591
-0.0663654
-0.0571008
0.630905
0.166812
0.222356
-0.214482
-0.216099
0.0816661
-0.231222
-0.170685
-0.199132
-0.138565
-0.238007
-0.183271
0.0571283
0.276237
0.0719863
0.159609
0.114019
0.0668973
0.116056
-0.00387483
0.176617
0.391445
0.575617
0.708518
0.894469
0.470715
0.27821
0.289369
0.203246
0.0719661
0.25713
0.361154
0.408716
0.295698
0.0764375
-0.0156397
0.150552
0.0387095
-0.0307455
0.00221339
0.00272206
0.166313
0.317366
0.210225
0.173303
0.28953
0.293142
0.34037
0.600637
0.570922
0.60846
0.615478
-0.470713
-0.970533
-0.869987
-0.68926
-0.311147
0.0146484
-0.301135
-0.461795
-0.311154
-0.29879
-0.321205
0.226187
0.571217
0.62213
0.590526
0.239509
0.171922
0.266844
0.272236
-0.032342
-0.108362
0.110253
0.0788331
0.03937
-0.221105
0.263102
-0.242312
-0.479009
-0.53493
-0.705854
-0.630477
-0.717617
-0.178127
-0.445077
-0.304762
-0.455987
-0.475726
0.013136
0.210651
0.1876
0.160158
0.275756
0.602151
0.76443
1.24431
1.54435
2.11709
1.94203
1.7247
1.95735
2.11683
1.8361
1.96988
1.82817
1.65753
1.56114
1.92448
1.64259
1.34201
1.16435
0.668856
0.539943
0.693876
0.831617
0.292399
0.384343
0.164596
0.0410861
0.0324506
0.357475
0.086592
0.0656887
0.287466
0.0702151
-0.114077
-0.0745012
-0.182893
-0.239497
-0.214078
-0.336355
-0.303667
-0.276039
-0.509228
-0.284834
-0.445777
-0.510003
-0.172942
-0.12958
-0.174299
-0.0674331
-0.0114307
-0.0609033
0.0594828
0.139392
0.177989
0.238602
