-0.0714991
0.335713
0.0836737
-0.0355417
0.115857
0.553896
0.248116
0.295827
0.225537
-0.303168
-0.187253
-0.199558
0.327468
-0.0524306
-0.354966
-0.355731
-0.192083
-0.580651
-0.783309
-0.73213
-0.595186
-0.418367
-0.691602
-0.596655
-0.480016
-0.130663
-0.412127
-0.287469
-0.299288
-0.321311
-0.242217
-0.226632
0.179242
0.28484
0.169039
0.163063
-0.0211458
-0.0989093
-0.0720524
0.228322
0.107822
-0.00986329
0.247851
0.190711
0.459209
0.0927357
-0.0523778
-0.194617
-0.165375
-0.541968
-0.758199
-0.54586
-0.509795
-0.422634
-0.18211
-0.377
-0.40804
-0.471396
-0.287328
-0.213783
-0.0651453
-0.0292261
0.0480801
0.0125873
0.442301
0.474815
0.292055
0.255018
0.231546
0.51081
0.62232
-0.0821491
0.140858
0.223939
0.362776
0.249093
-0.294114
0.0289398
0.0866572
0.511662
0.239732
-0.291338
-0.330763
-0.266784
-0.0241519
0.0407909
0.166275
0.0280311
0.0598109
0.0244284
0.184851
0.315879
0.522894
0.561528
0.628256
0.605471
0.271632
0.480725
0.276035
0.219538
0.223332
0.183569
0.179433
0.194685
0.332237
-0.0717928
0.338221
0.164854
-0.0546037
-0.17387
-0.0479953
-0.130601
0.213405
0.0297569
0.130079
-0.0262679
-0.059387
0.028846
0.243405
0.238567
-0.0119536
0.123678
0.302071
0.264808
0.478704
0.500297
0.569959
0.635763
-0.67336
-1.27111
-0.890093
-0.651362
-0.687732
-0.189721
-0.351497
-0.206672
-0.136935
0.109823
-0.0394864
0.247742
0.325022
0.390069
0.395426
0.578474
0.846428
1.00909
1.31615
1.20035
1.16553
0.934408
0.744272
0.895582
0.805218
0.945289
0.335787
0.155804
-0.489741
-0.166245
-0.406929
-0.461054
-0.207091
-0.208249
-0.363122
-0.271092
0.136427
0.352396
0.0797831
-0.354569
-0.417199
-0.730357
-0.445863
-0.418788
-0.436011
-0.553241
-0.303032
-0.479523
-0.340228
0.0284713
0.132303
0.0299846
0.29031
-0.0193629
-0.190243
-0.0480204
-0.304203
-0.125294
-0.165941
-0.563474
-0.508429
-0.518097
-0.659515
-0.647455
0.368622
0.604741
1.00539
0.725958
0.820454
1.03937
1.12417
1.02319
0.894762
0.429434
0.405825
0.564505
0.84804
0.969814
0.847309
0.114164
0.0234492
0.304055
-0.11254
-0.0419495
-0.0780922
0.0326248
-0.0163957
0.0356986
0.00474744
-0.13441
0.0299303
0.0765064
0.1525
0.176153
0.183211
0.0373444
-0.283897
-0.813078
-0.657759
-0.322459
-0.179638
-0.14125
0.162606
0.296702
0.872249
0.966579
0.695914
1.08515
1.25107
0.727975
0.526788
0.418726
0.418678
0.574233
0.473743
0.383203
0.419836
0.403796
0.161455
0.537664
0.604457
0.458915
0.181568
0.00811123
-0.0445774
-0.212329
-0.164742
-0.319028
-0.326265
-0.865816
-0.84839
-0.566945
-0.596699
-0.755697
-0.780547
-0.558064
-0.955218
-0.852935
-0.695045
-0.651962
-1.05974
-1.12872
-1.12549
-0.791427
-0.595142
-0.313224
-0.310898
0.00765717
-0.12166
-0.211216
-0.267507
-0.159355
0.169331
-0.0100601
-0.191889
-0.425936
-0.604624
-0.425409
-0.500344
-0.447124
-0.735028
-0.970134
-0.807397
-0.876189
-0.793873
-1.08332
-0.936192
-0.950856
-1.21058
-1.2655
-1.02119
-0.893251
-1.44197
-1.61237
-1.51088
-1.20912
-0.914031
-1.01168
-1.20287
-1.16462
-0.743341
-0.856757
-0.457016
-0.711067
-0.686681
-0.769217
-0.840143
-0.911562
-0.705115
-0.771257
-0.790152
-0.772379
-0.0913341
0.0421147
0.269304
-0.022207
-0.0717875
-0.0916274
0.290542
0.295047
-0.0104101
0.197473
-0.0862108
-0.216894
-0.40861
-0.385471
-0.079062
0.066913
0.10235
-0.298951
-0.338682
-0.169469
-0.353307
-0.336395
-0.0888422
-0.231035
-0.176161
-0.0536573
0.0659876
0.00622927
0.126304
0.213364
0.304946
0.275168
0.293295
0.546438
0.582564
0.352376
0.698507
0.688646
-0.0205004
0.0657076
0.142775
0.453229
-0.0646206
0.00385708
0.336285
0.381569
0.492024
0.195987
0.348407
0.324948
0.457068
0.454795
-0.113686
0.146236
0.149988
-0.151098
-0.0318608
-0.165949
0.0110213
0.112147
0.117661
0.207278
0.279884
0.260553
-0.447998
-0.547569
-0.756709
-0.424606
-0.541941
-0.76035
-0.131153
-0.252223
-0.00699663
0.561819
-0.00743942
-0.0160609
0.540131
0.661187
0.799951
0.885627
1.0688
1.38686
1.87684
1.62984
1.68226
1.27744
0.700811
1.2063
1.05703
0.917823
0.841944
0.579155
0.405476
0.0282796
-0.210431
0.00150579
-0.19557
-0.135319
-0.213996
-0.0367146
-0.293278
-0.337775
0.136913
-0.0797831
-0.276077
0.218463
-0.00876442
0.051903
0.0160273
0.224201
0.109762
0.331032
0.215547
0.996076
1.19149
0.87293
0.895335
0.372698
-0.0312528
0.103957
0.123094
0.0773913
0.0701243
0.0216135
0.0410032
-0.310533
-0.297895
-0.384991
-0.504767
-0.870307
-0.792881
-0.905264
-0.772286
-1.17848
-1.14858
-0.894363
-1.29183
-1.31814
-0.841547
-0.938654
-1.23311
-1.37677
-1.56667
-1.15662
-0.964062
-1.00265
-1.01469
-1.0997
-0.845732
-0.644237
-0.630768
-0.560829
-0.714013
-0.76022
-0.679209
-0.679269
-0.867744
-0.711388
-0.648734
-0.687103
0.366309
0.468987
0.372462
0.120507
0.0407519
-0.0593207
-0.0383584
0.255616
0.50892
0.210237
0.113942
0.247092
0.34133
0.468406
0.424962
0.192036
-0.150822
-0.194794
-0.11519
-0.152919
-0.0136129
-0.124977
0.137476
0.0621598
0.221373
0.105779
0.133686
0.184875
0.215699
0.383072
0.451325
0.443132
0.601954
0.63561
0.294849
0.162433
0.0237919
0.0439067
0.0140145
0.165898
0.371475
0.323174
0.273127
0.0559293
-0.0172495
-0.171492
-0.142852
-0.106915
-0.21769
-0.317566
-0.458392
-0.354596
-0.472055
-0.146937
-0.0700275
-0.159015
-0.160286
-0.161734
-0.185485
0.121009
0.218684
0.295367
0.326551
0.400256
0.436832
0.670738
0.350772
0.247192
0.10958
0.00563038
0.0702579
0.290334
0.163383
0.324382
0.37951
0.178908
-0.0481945
0.27773
0.118329
0.217139
0.0419888
-0.00403578
-0.139819
-0.0804798
0.0781106
0.0445334
0.287358
0.127027
0.0180557
0.0954351
0.14917
0.462333
0.562948
0.568662
0.634878
0.686653
0.420352
0.64943
0.744094
0.731092
0.677551
0.591175
0.201134
-0.0144957
0.121623
0.210025
0.277749
0.0947772
0.11502
0.636682
0.835363
0.634649
0.18098
0.09076
0.209851
-0.0118792
-0.524973
-0.171956
-0.131284
-0.338646
-0.162715
-0.0861948
0.123476
0.317282
0.166759
0.0559063
-0.0372137
0.0492792
0.15627
0.487426
0.890114
1.1352
0.880583
0.727042
0.349594
0.281844
0.423606
0.323178
0.302504
0.20064
0.434006
0.595051
0.546749
0.27815
-0.160334
-0.187386
-0.22217
0.0679095
-0.0763965
0.0714641
0.166007
0.0977338
0.0728121
0.120056
0.332505
0.45574
0.57603
0.475887
0.531081
0.538053
