0.0213163
-0.0131777
0.00343887
-0.0161888
0.000392049
0.00786404
0.0207032
0.0329913
0.0284958
0.0130157
0.0237942
0.0376943
0.0317826
0.0358151
0.0440006
0.037842
0.0494801
0.0491349
0.0516355
0.0561524
0.0569785
0.0530602
0.056754
0.0548409
0.051246
0.0515354
0.0487816
0.0441337
0.0440165
0.0414229
0.0445427
0.0431456
0.0308844
0.00121353
0.0359649
0.0297306
0.0286726
0.0171553
0.0106543
0.0130302
0.035571
0.0222095
0.0148465
0.0137325
0.024979
0.0344102
0.0315197
0.0308543
0.027807
0.0382785
0.0471479
0.0471775
0.0478149
0.0454169
0.0470884
0.047747
0.0443189
0.0435246
0.0374506
0.0393291
0.0366655
0.03715
0.0367043
0.0326117
0.032548
-0.00290079
0.0409547
0.0457026
0.0584021
0.0309402
0.0131352
9.25041e-05
0.0289734
0.0418292
0.033115
0.0301099
0.0254246
0.0405143
0.0336576
0.0419777
0.0390491
0.0417509
0.0462128
0.0448126
0.0499426
0.0425913
0.0486961
0.0448779
0.0443541
0.0417815
0.0431507
0.0358244
0.0373739
0.0350676
0.0344701
0.0299473
0.0319225
0.0114669
0.0349948
0.0226594
0.0162511
0.0150511
0.0232476
0.019906
0.0233335
0.0147497
0.0216027
0.00779428
0.0130911
0.0116696
0.0204346
0.0299167
0.0316271
0.0386204
0.0462404
0.0447239
0.0472252
0.0457485
0.0485324
0.0457452
0.0424909
0.0405728
0.0410974
0.0341357
0.0345577
0.0323328
0.0366901
0.0344804
0.0499528
0.0336782
0.0644348
0.0421476
0.0510355
0.0500055
0.0462129
0.0543683
0.0434747
0.0538817
0.0452085
0.0475029
0.0432367
0.0273319
0.0334275
0.0438755
0.0388727
0.0519972
0.0595016
0.0580553
0.054561
0.0597844
0.057592
0.059461
0.0520292
0.0545901
0.0512495
0.0486305
0.0437965
0.0442069
0.0441653
0.0458224
0.0642922
0.0484412
0.0810159
0.0774242
0.0756345
0.06449
0.0654429
0.0647611
0.0734835
0.074333
0.0608032
0.0625754
0.0874488
0.0666659
0.070783
0.0619732
0.0663544
0.0738597
0.0737607
0.0758763
0.0747185
0.0755405
0.0761257
0.0740215
0.0716643
0.0696949
0.0689953
0.0639537
0.0647693
0.0607809
0.062904
0.0635027
0.0658073
0.0740382
0.0726107
0.0554316
0.0604867
0.0683362
0.0842586
0.0967827
0.0869712
0.096182
0.0892953
0.0876641
0.0843577
0.0786005
0.0706997
0.080498
0.0772651
0.0812353
0.0801549
0.080875
0.0789417
0.0816344
0.0809291
0.0821948
0.0749115
0.0783529
0.0718725
0.0712335
0.0684199
0.068508
0.0675418
0.069116
0.0624113
0.0706753
0.0760318
0.082909
0.0770105
0.104523
0.118949
0.104518
0.120419
0.125492
0.123664
0.118215
0.119724
0.113845
0.120159
0.119604
0.116041
0.108876
0.102485
0.101205
0.0954493
0.0886057
0.091173
0.0892615
0.0826078
0.0842411
0.0806074
0.0778035
0.0751632
0.0764472
0.0736182
0.0755859
0.067902
0.0795185
0.0941314
0.0971817
0.101745
0.111995
0.129928
0.134831
0.148197
0.163602
0.140961
0.140648
0.128815
0.135284
0.137701
0.133673
0.143195
0.127173
0.124847
0.113826
0.108753
0.115132
0.109513
0.108897
0.102723
0.104437
0.0975494
0.0984245
0.0914629
0.0955624
0.0901554
0.0958562
0.0673
0.0732592
0.0904877
0.0897113
0.0813686
0.0800777
0.0956454
0.11486
0.112915
0.125869
0.125453
0.127773
0.117293
0.115048
0.110134
0.113337
0.109888
0.113958
0.116042
0.1129
0.105722
0.100855
0.0976614
0.0983431
0.0958712
0.0933716
0.0894175
0.0848026
0.0839975
0.0821119
0.0840672
0.0839763
0.0337944
0.0564186
0.0597681
0.0710083
0.0447129
0.0113219
0.0107048
0.0124476
0.0170557
0.0123684
0.017617
0.0148143
0.0291207
0.0302547
0.0400903
0.0370018
0.0454418
0.0510005
0.0566295
0.058332
0.0563404
0.060469
0.0605054
0.0595911
0.0553054
0.0557489
0.0538348
0.049025
0.0468326
0.0468055
0.0472877
0.0476973
-0.0311499
-0.0136771
-0.0468697
-0.0511163
-0.0411433
-0.0456051
-0.0529643
-0.0648022
-0.0647192
-0.0667478
-0.0672452
-0.0833641
-0.0640162
-0.0605539
-0.0650301
-0.0628893
-0.0529045
-0.0609147
-0.0557348
-0.0527241
-0.0531616
-0.0569952
-0.0446719
-0.0484623
-0.0551471
-0.0489286
-0.0612024
-0.0554439
-0.0527583
-0.0672045
-0.0708391
-0.064957
-0.0302337
-0.0239152
-0.03721
-0.0276818
-0.0381084
-0.0244083
-0.0126624
-0.0180769
-0.038833
-0.029942
-0.025958
-0.0415113
-0.0398006
-0.035718
-0.0529715
-0.0528003
-0.0472654
-0.0472009
-0.0501285
-0.0423993
-0.0520654
-0.0495464
-0.0574156
-0.0492755
-0.0596542
-0.0509629
-0.0560911
-0.049793
-0.0569684
-0.0465717
-0.056453
-0.0574399
-0.00655535
0.00516294
0.00402461
0.0165531
0.0237052
0.0262686
0.0404229
0.0314132
0.033911
0.0261124
0.0344314
0.0284912
0.0303417
0.0267775
0.014921
0.0105791
-0.00349085
-0.0143737
-0.0241408
-0.0390125
-0.0456111
-0.0342352
-0.0445704
-0.0510622
-0.0438977
-0.0592156
-0.0506436
-0.0565664
-0.0497522
-0.067775
-0.0493986
-0.0643515
0.0170245
0.031463
0.0272205
0.0315712
0.050114
0.0781395
0.0641203
0.0635178
0.0627902
0.0782071
0.0645762
0.0701738
0.0793005
0.0811989
0.0728694
0.0610352
0.0562501
0.0413552
0.038385
0.0378209
0.0356672
0.0255842
0.0308871
0.0273313
0.0241433
0.0230595
0.0217697
0.0179479
0.015808
0.0173309
0.0151339
0.0173112
-0.0523259
-0.0175732
-0.0175439
-0.0120796
0.00110721
0.0106986
0.00884998
0.0169197
0.0108663
0.00379737
0.0344811
0.0375878
0.0381659
0.0450281
0.0326761
0.0461359
0.0202151
0.0134123
-0.0144579
0.00597281
0.00391957
-0.00611481
-0.0288239
-0.0218203
-0.0248618
-0.0217299
-0.0187806
-0.0150212
-0.0276712
-0.0196817
-0.0240167
-0.0172989
-0.099854
-0.0804771
-0.0786531
-0.0698555
-0.0572993
-0.0469317
-0.0699523
-0.060228
-0.0752433
-0.123219
-0.111663
-0.108437
-0.118132
-0.128274
-0.11885
-0.125593
-0.14122
-0.131206
-0.125759
-0.137761
-0.12982
-0.131229
-0.138304
-0.134063
-0.133634
-0.11437
-0.109578
-0.106025
-0.100073
-0.0965796
-0.0985786
-0.0897965
-0.143377
-0.146002
-0.187508
-0.182598
-0.197299
-0.196571
-0.235713
-0.223497
-0.245295
-0.245604
-0.227704
-0.226191
-0.255458
-0.251809
-0.234423
-0.246781
-0.234316
-0.235963
-0.24629
-0.230465
-0.217013
-0.209997
-0.185379
-0.179391
-0.163079
-0.148671
-0.151728
-0.143766
-0.126146
-0.109975
-0.11524
-0.113924
-0.112141
-0.114331
-0.18956
-0.175684
-0.200595
-0.213848
-0.218264
-0.246443
-0.25369
-0.236502
-0.24627
-0.224783
-0.22196
-0.232731
-0.214926
-0.225501
-0.212947
-0.215081
-0.204912
-0.21212
-0.189787
-0.19079
-0.18396
-0.183668
-0.15311
-0.171991
-0.152105
-0.140634
-0.123442
-0.122491
-0.129047
-0.131963
-0.069519
-0.073282
-0.127734
-0.126827
-0.136193
-0.149503
-0.142719
-0.147393
-0.148677
-0.149635
-0.15101
-0.14049
-0.153715
-0.133357
-0.146873
-0.134739
-0.129343
-0.125913
-0.121619
-0.123248
-0.128577
-0.115515
-0.122333
-0.124569
-0.108282
-0.125041
-0.105648
-0.0979946
-0.106052
-0.107448
-0.0937075
-0.0993217
