-0.0173792
-0.302691
-0.448958
-0.518107
-0.694148
-0.264831
-0.589395
-0.734324
-0.768312
-0.76277
-0.347393
-0.559993
-1.07619
-1.14352
-1.06636
-0.793193
-0.581641
-0.759668
-0.897192
-0.973781
-0.695004
-0.38406
-0.381538
-0.373622
-0.494851
-0.442663
-0.599323
-0.286601
-0.361129
-0.39067
-0.246216
-0.264286
0.325856
0.645845
0.843791
0.760551
0.830296
1.07929
0.75208
0.560343
0.814096
0.601659
0.9619
0.519235
0.56348
0.870836
0.971772
0.42413
0.331575
0.363044
0.45059
0.0183639
0.249989
0.28737
0.151141
0.363257
0.355866
0.49433
0.66238
0.775514
0.924599
0.910811
1.05335
1.12803
-0.25002
-0.113032
-0.360383
-0.00198386
-0.117846
-0.019472
-0.178066
-0.287228
0.115115
0.402769
0.0242773
0.360832
0.837325
1.12165
1.2137
1.16132
0.999572
1.0525
0.975676
1.2601
1.18304
1.04176
0.91243
0.974113
0.973019
1.23094
0.947251
0.584241
0.26714
0.442315
0.115237
-0.0291765
0.305693
0.845128
0.307449
0.718676
0.707279
-0.135549
-0.24046
-0.320962
0.11309
0.264241
0.194492
0.392391
0.666938
0.416695
-0.0763964
-0.15376
-0.128074
-0.0927801
-0.0151875
-0.257666
-0.0235742
0.0907759
-0.122002
0.0248553
-0.0222123
0.164351
0.200797
0.149846
0.087933
0.167479
0.307094
0.290016
-0.39821
-0.428512
-0.641227
-0.426464
-0.468898
-0.0446809
0.492785
0.549977
1.2632
0.630086
0.482083
1.1812
1.13829
0.772114
0.499972
0.270802
0.138063
0.235875
0.316073
0.204524
0.222544
0.128194
0.333412
0.422128
0.269657
0.361876
0.400643
-0.266245
-0.116554
-0.237012
-0.572997
-0.378857
-0.286772
-0.504589
-0.736918
-0.787743
-0.993031
-0.727274
-0.204282
-0.0272725
-0.312092
-0.522205
-0.371519
-0.345354
-0.101417
-0.118844
-0.31958
-0.267931
-0.330778
-0.274856
-0.159666
-0.611279
-0.338159
-0.395339
-0.370298
-0.47789
-0.594029
-0.447042
-0.507871
-0.575053
-0.637354
-0.764758
-0.697116
-0.729451
0.212173
0.511113
0.686279
0.319301
0.0541074
0.461281
0.798273
0.545294
0.48355
0.509964
0.0907577
-0.408205
-0.0953812
0.366959
0.611987
0.110754
-0.048467
0.175706
0.262218
-0.12011
-0.384636
-0.197109
-0.368498
-0.418061
-0.497439
-0.351174
-0.26432
-0.470592
-0.15894
-0.0144876
-0.114254
-0.0857127
-0.417094
-0.602958
-0.429488
-0.459245
-0.40932
-0.23951
-0.447789
-0.471755
-0.416662
0.248088
-0.422485
-0.781677
-0.372885
-0.00446776
0.532882
0.38714
0.747829
0.515474
1.20579
1.1603
0.989037
0.542098
0.470185
0.533365
0.299678
0.25499
0.394578
0.145135
-0.302712
-0.472444
-0.613252
-1.03338
0.36829
0.626009
0.777822
0.471961
0.667752
0.662511
0.312404
0.243575
0.247349
0.571182
0.324664
0.194194
0.582555
0.603397
0.701869
0.575128
0.504015
0.313537
0.490658
0.530613
0.621893
0.217644
0.387446
0.464303
0.529114
0.394148
0.541099
0.593161
0.717768
0.774862
0.891055
1.04464
0.551891
0.969798
1.74146
1.39705
1.31121
1.46715
1.05617
0.846672
0.594089
0.674376
0.477423
0.326299
1.18515
1.16839
0.908984
1.1409
0.418389
0.806506
0.710498
0.418998
0.67692
0.300112
0.341953
0.284737
0.402861
0.419464
0.406687
0.597119
0.735693
0.745534
0.879985
0.931292
-0.159607
-0.070964
0.0169839
0.305213
0.448687
-0.132061
-0.091621
0.121338
0.153726
-0.0922568
-0.345457
-0.299893
-0.00303164
0.11625
0.0803072
0.28308
0.125957
0.248267
0.310735
0.596806
0.445431
0.162079
0.443502
0.751524
0.802808
0.6991
0.911577
0.554768
0.535426
0.598094
0.451504
0.507062
0.256996
0.390882
0.062291
0.00941176
-0.00637011
0.0708818
0.454693
0.229093
0.0857574
0.456187
0.28626
0.193886
0.188067
0.433675
0.396222
0.465571
0.328372
0.442991
0.543065
0.754514
0.843954
0.413272
0.634488
0.597932
0.860693
0.667676
0.846885
0.683724
1.03597
0.952852
0.988735
0.966352
-0.0158169
-0.0713718
-0.479137
-0.511765
-0.396748
-0.726841
-0.679548
-0.61881
-0.712292
-0.717564
-0.369809
-0.732228
-1.08498
-1.09496
-0.871465
-0.79723
-0.574033
-0.92389
-1.06293
-0.862397
-0.735388
-0.393427
-0.540854
-0.490561
-0.562953
-0.693143
-0.638676
-0.505806
-0.54097
-0.474311
-0.374375
-0.344542
0.351559
0.80408
0.937274
1.00756
0.974761
0.620956
0.282664
0.265476
0.219473
0.147207
0.418557
0.254893
0.169519
0.451914
0.888686
0.679132
0.323998
0.188684
0.422342
0.0963637
0.0923862
-0.111539
-0.200568
-0.342678
-0.194138
0.285402
0.0789815
0.220944
0.25244
0.353456
0.483026
0.526094
0.205845
-0.0571026
-0.338942
-0.261798
-0.132974
-0.206407
-0.283928
-0.433193
-0.641519
-1.05321
-0.383109
0.117164
-0.43298
-0.52436
-0.83303
-0.541856
-0.522084
-0.817525
-0.779292
-0.447372
-0.56575
-0.328698
-0.481968
-0.62536
-0.65948
-0.546644
-0.726777
-0.377957
-0.357941
-0.279863
-0.197171
-0.193336
-0.0935372
-0.310288
-0.303645
-0.358258
-0.0112942
-0.0462861
0.0917919
0.140282
-0.32419
-0.264809
-0.52445
-0.407703
-0.50816
-0.777088
-0.86649
-0.635773
-0.349084
-0.40271
-0.511797
-0.206046
-0.343042
-0.432978
-0.238083
-0.303898
-0.37465
-0.521769
-0.519969
-0.21419
-0.352441
-0.32095
-0.204337
-0.140004
-0.743881
-1.32858
-1.12798
-0.976158
-0.806284
-0.886221
-0.748024
-0.368083
-0.76029
-0.971964
-0.755807
-0.312798
-0.895268
-1.36669
-1.27244
-1.1478
-0.726856
-0.75706
-1.03316
-0.667161
-0.90091
-0.499197
-0.380117
-0.760106
-0.525356
-0.910337
-0.939075
-0.883696
-0.981333
-1.079
-1.48916
-1.60379
-0.530672
-1.14241
-1.08712
-0.652061
-0.726891
-0.717628
-0.588816
-0.270544
-0.274861
-0.376705
-0.182675
0.0708314
-0.421611
-0.719752
-1.10425
-0.639025
-0.315503
-0.225454
-0.609542
-0.354172
-0.640838
-0.183383
-0.398214
-0.565514
-0.1984
-0.668451
-0.775951
-0.638774
-0.889442
-0.928944
-0.801045
-0.900679
-0.0789276
-0.421068
-0.205098
-0.479638
-0.668519
-0.543431
-0.500237
-0.290509
-0.135374
-0.193933
-0.0577314
0.115203
-0.417886
-0.765999
-0.772288
-0.877485
-0.521594
-0.304879
-0.571645
-0.664615
-0.687936
-0.552099
-0.387916
-0.332705
-0.587141
-0.663954
-0.824242
-0.705363
-0.5929
-0.82225
-0.776908
-0.684012
0.413614
0.560709
0.785543
0.443502
0.438237
0.328127
0.311302
0.320632
0.256145
0.44966
0.500021
0.121719
0.0784656
0.193808
0.375917
0.356099
0.180344
0.216235
-0.0472388
0.124018
-0.00995506
0.294524
0.1955
0.274181
0.216953
0.272896
0.405324
0.619824
0.734749
0.83929
0.916843
0.993734
