-0.248763
-0.391528
-0.52918
-0.526621
-0.646566
-0.64208
-0.968542
-1.03088
-0.959569
-1.12063
-0.68927
-0.772446
-0.892887
-1.1591
-1.32117
-0.839776
-0.751292
-0.812605
-0.718759
-0.870512
-0.89375
-0.48426
-0.748321
-0.809487
-0.926595
-0.725999
-0.880219
-0.704874
-0.666797
-0.762187
-0.73045
-0.753906
0.265344
0.664658
0.197219
0.140476
0.0725439
0.101463
0.189969
0.347647
0.201521
0.635846
0.164729
0.205602
0.294252
0.150719
0.139577
0.0881704
-0.0743066
-0.248624
-0.391656
-0.319021
-0.325592
-0.036144
0.0153771
-0.00730238
0.149451
-0.198471
-0.0697436
0.262456
0.127328
0.267251
0.388655
0.384196
0.487415
1.04356
0.888245
0.880474
0.596327
0.893988
0.582701
0.351329
0.668107
0.806293
0.316478
0.338888
0.779109
0.840952
0.768698
0.377988
0.466019
0.247367
0.0177437
-0.045766
-0.0355316
0.295507
0.30535
0.210894
0.235042
0.198503
0.507794
0.646687
0.668267
0.790607
0.855909
0.920819
0.509267
1.05847
0.795483
0.575487
0.640452
0.661543
0.359883
0.353317
0.099101
-0.143941
0.234925
0.34712
-0.26564
-0.453441
-0.308314
0.0853466
0.286297
0.132973
-0.149923
0.0287984
0.0103851
0.290522
0.364247
0.189434
0.279767
0.251481
0.439589
0.539743
0.689095
0.832879
0.957812
0.972322
0.0371404
0.15976
0.0180087
-0.113075
-0.0850292
0.164313
-0.351682
-0.57297
-0.156776
-0.165479
-0.348565
-0.32154
-0.234002
-0.0969459
0.00170241
-0.0756281
0.14105
0.235722
0.302421
0.215028
0.549954
0.0787374
-0.0302551
0.0407495
0.158751
0.0580819
0.228097
-0.0240793
0.0444943
0.180128
0.273906
0.204304
-0.291601
-0.604616
-0.391732
-0.407602
-0.390485
-0.392255
0.0382365
-0.270259
-0.112471
0.468897
0.486751
0.444478
0.712337
0.962066
1.35304
1.01605
0.991692
1.36593
1.44034
1.4161
1.15365
0.680611
0.759792
1.19823
1.09591
1.23652
0.52875
0.610987
0.453209
0.311169
0.330629
0.294005
0.514875
0.785166
0.649415
0.742505
0.398195
0.429579
0.408697
0.557496
0.645672
0.513009
0.7677
0.43286
0.684654
0.709551
0.587359
0.644473
0.328604
0.242653
0.184964
0.0564088
-0.0110541
0.082895
0.0734031
0.0438661
0.128072
0.149423
0.194214
0.214712
0.229842
0.273568
0.389913
0.479866
0.320392
0.536245
0.588866
0.436228
0.453086
0.530125
0.856042
1.01138
1.0078
1.35908
1.04588
0.720143
1.29191
1.38042
1.08589
1.05293
0.69931
0.87781
0.375441
0.451406
0.207015
0.272227
0.463076
0.335462
0.226695
0.418308
0.434398
0.511628
0.437246
0.435337
0.59522
0.622666
-0.379305
-0.524276
-0.477475
-0.176637
-0.251746
-0.316839
-0.0770406
0.218026
0.566377
0.820897
0.594086
0.464665
0.784925
0.534101
0.733923
0.370837
0.119228
0.239443
0.443635
0.483315
0.323812
0.0206085
-0.165294
0.241267
0.452332
0.27894
0.303933
-0.000366175
-0.182779
-0.118059
-0.0650526
-0.123473
0.179576
0.364592
0.0496892
0.111449
0.19278
0.0700642
0.37744
0.0607374
0.103612
0.235656
0.0417413
0.181824
0.219778
0.330471
0.621545
0.495256
0.40532
0.442535
0.750704
0.531919
0.578578
0.119255
0.282165
0.31019
0.524003
0.315765
0.0791545
0.0968552
0.0620935
0.17103
0.0683305
0.285902
0.489847
0.79226
0.460589
0.418498
0.45043
0.68596
0.36036
0.644051
-0.048701
-0.340528
-0.199854
0.029856
-0.164083
-0.162842
0.044362
-0.00176288
0.0656629
-0.131722
0.142503
0.123487
0.0717863
-0.0301713
0.0778599
0.0690282
0.113868
0.147744
0.260227
0.212366
0.333954
0.297865
0.438878
0.421461
0.646434
1.0447
0.999734
1.05553
1.46616
1.22488
0.771098
1.12708
0.37846
-0.0875296
0.50748
0.319359
0.00712128
-0.104191
0.0935455
0.171768
0.305663
0.120581
0.0357122
-0.0706687
0.194261
0.406896
0.341297
0.292036
0.32356
0.276213
0.628689
0.669635
0.918364
0.949079
1.07134
1.115
0.47842
0.873297
0.741869
0.894183
0.867622
0.514652
0.390082
0.682681
0.298145
-0.0661109
0.25881
0.387225
0.0776322
-0.272897
-0.10603
0.0686336
0.236551
0.00804324
-0.0577878
-0.0229282
0.0870989
0.366009
0.315398
0.25477
0.21725
0.240718
0.467339
0.564722
0.822715
0.865944
0.968345
1.04839
0.179992
0.32776
0.189923
0.167945
0.103507
0.181068
0.305291
0.64499
0.881169
0.968946
0.676927
0.57076
1.32102
1.30135
0.794001
0.625903
0.397421
0.607574
0.535697
0.408448
0.450629
0.34852
0.314258
0.471413
0.391021
0.546904
0.459425
0.436378
0.446727
0.446903
0.329688
0.391053
-0.357987
-0.208844
-0.367003
-0.455884
-0.738377
-0.643779
-0.463847
-0.454011
-0.118852
0.15766
-0.31426
-0.285645
-0.0938167
0.326569
0.0421222
0.0564265
-0.011369
0.300074
0.524248
0.639379
0.497003
0.18387
0.0602596
0.467678
0.515041
0.763142
0.87851
0.32329
0.379539
0.370788
0.222947
-0.0101317
-0.0535032
-0.715114
-0.312285
-0.438495
-0.346736
-0.615137
-0.591899
-0.611739
-0.726623
-0.541904
-0.404048
-0.490378
-0.842753
-0.794221
-0.708751
-0.69167
-0.575384
-0.413236
-0.824991
-0.788241
-0.703962
-0.348806
-0.223468
-0.516031
-0.484022
-0.573182
-0.359438
-0.410905
-0.450671
-0.439313
-0.307245
-0.457686
-0.706807
-1.47068
-1.02112
-0.821123
-0.724448
-0.830425
-1.13466
-1.13381
-1.05336
-1.19596
-0.766031
-0.771328
-1.35921
-1.52896
-1.41186
-0.887156
-0.838209
-0.887382
-0.863126
-1.02211
-0.727832
-0.61231
-0.680041
-0.747453
-0.955089
-0.863116
-1.00206
-1.14048
-1.21796
-1.34825
-1.60959
-1.73275
-0.68957
-1.46466
-0.81325
-0.823578
-0.725908
-0.64996
-0.42139
-0.5393
-0.469061
-0.643543
-0.845867
-0.530817
-0.818535
-0.631231
-0.76128
-0.826068
-0.784406
-0.605082
-0.686015
-0.484087
-0.424268
-0.46994
-0.472293
-0.579264
-0.864567
-0.683935
-1.02864
-1.01923
-0.938041
-0.848116
-1.12501
-1.09058
-0.895349
-1.24366
-0.878048
-1.01573
-0.847328
-0.875969
-0.338618
-0.584342
-0.554703
-0.646928
-0.761008
-0.680548
-0.785989
-0.6288
-0.907718
-0.851686
-0.692456
-0.862721
-0.426339
-0.113042
-0.458776
-0.737562
-0.650677
-0.766864
-0.788055
-0.986443
-1.10211
-1.02432
-1.31942
-1.70468
-1.91337
-1.81425
-0.485816
-1.02708
-0.788943
-0.644028
-0.484475
-0.491186
-0.292121
-0.801424
-0.649848
-1.01372
-0.7666
-0.590076
-0.715828
-0.703581
-0.740651
-0.880037
-0.715394
-0.859334
-0.634818
-0.617916
-0.543407
-0.426466
-0.402134
-0.69861
-0.79243
-0.850595
-0.96791
-0.7652
-0.837206
-0.97195
-1.14086
-1.1572
