-0.477228
-1.05127
-0.533756
-0.638209
-1.03894
-0.891837
-0.522936
-0.424168
-0.875657
-0.495453
-0.425118
-0.425189
-0.521404
-1.11999
-0.921804
-0.995641
-0.491069
-0.913673
-1.03706
-0.659287
-0.687534
-0.665327
-0.715051
-0.657648
-0.963518
-0.936259
-0.887438
-1.12374
-1.06432
-0.958656
-1.01593
-1.12789
-0.0396295
-0.314581
-0.39195
-0.203904
-0.463068
-0.102168
0.00484812
-0.00110696
-0.350844
-0.326972
-0.271905
-0.317513
-0.488777
-0.854388
-0.84816
-0.509859
-0.27164
-0.503179
-0.438324
-0.428247
-0.442434
-0.521114
-0.247689
-0.294113
-0.252985
-0.197738
-0.367194
-0.181144
-0.157384
-0.111523
0.0253781
-0.0417859
0.407429
1.0432
0.0593494
0.00961349
0.24692
0.844334
0.314154
0.853688
0.836452
0.0342181
0.134433
0.0079314
0.34656
0.209287
0.00882528
-0.155696
-0.167883
-0.0145298
-0.212323
-0.198323
-0.125736
-0.021419
0.061537
-0.0554152
-0.0532424
-0.205896
0.140089
0.116129
0.244024
0.292029
0.385996
0.378104
-0.188472
-0.0672537
-0.255556
-0.15052
-0.348106
-0.151606
-0.457045
-0.213985
0.311661
0.714665
0.148085
0.275617
0.840563
1.3985
1.16932
1.1072
0.585287
0.701017
0.548039
0.35639
0.544241
0.262989
0.367519
0.428531
0.641542
0.53856
0.265065
0.0957878
-0.189141
-0.212657
-0.22177
-0.341463
0.133685
0.432382
0.791629
0.471857
0.498628
0.145905
0.205392
0.119379
0.271645
0.335182
0.437463
0.301933
0.465055
0.806458
0.744471
0.562156
0.279698
0.523325
0.42084
0.368989
0.284049
0.336858
0.536328
0.495766
0.415682
0.507362
0.349357
0.437017
0.560321
0.625463
0.841506
0.696263
0.38058
0.945647
1.72165
1.35782
1.37844
0.977283
0.790544
0.760136
1.1236
1.09367
0.680421
0.666069
1.03006
0.884829
0.597481
0.40195
0.681648
0.816402
0.621922
0.525981
0.545412
0.640435
0.621098
0.496883
0.555566
0.657957
0.631688
0.826328
1.03676
1.11533
1.20414
1.20587
0.222768
0.374513
0.125964
0.0857392
0.223062
-0.0755119
0.0213703
-0.00748518
-0.0665658
-0.185049
0.0104189
-0.015368
-0.432652
-0.709758
-0.494599
-0.35912
-0.250643
-0.384362
-0.197983
-0.177938
0.0723076
-0.0197928
-0.0399203
-0.211076
-0.148046
-0.131369
0.00181255
0.0329713
0.150472
0.0338625
0.172271
0.0432693
0.131481
0.236663
-0.228769
-0.382816
-0.219943
-0.461739
-0.51922
-0.411107
-0.756719
-0.569978
-0.335972
-0.568148
-0.844613
-1.0658
-0.918368
-0.755062
-0.526239
-0.74793
-0.722499
-0.866677
-0.53105
-0.429803
-0.433977
-0.389791
-0.360799
-0.411026
-0.553874
-0.515437
-0.321275
-0.20886
-0.110991
-0.0392091
0.378218
1.01535
0.589258
0.708207
0.730032
0.271562
0.121339
-0.115744
0.238268
-0.0169931
0.093319
-0.10285
-0.115086
-0.086523
0.08874
0.153332
-0.172553
-0.0365892
-0.00873041
-0.0623815
0.00240625
-0.0281905
-0.0985914
-0.0575212
-0.236273
-0.0500104
-0.1082
0.138855
0.261358
0.30751
0.408774
0.451065
-0.380109
-0.812696
-0.600676
-0.475468
-0.424172
-0.726828
-0.376261
-0.542027
-0.604103
-0.260624
-0.458963
-0.406495
-0.450147
-0.690571
-0.413517
-0.51521
0.0164972
-0.236982
-0.266792
0.00572978
-0.388014
-0.128677
-0.221929
-0.32998
-0.171611
-0.257326
-0.0676094
0.00725492
-0.13513
-0.499695
-0.583007
-0.434718
-0.0918655
-0.956186
-0.306235
0.456439
0.814042
0.608768
0.993923
0.518247
0.0518568
0.9085
1.23598
1.16319
0.918044
0.683995
0.808874
1.04723
0.914362
1.14899
1.17026
1.47553
1.02405
1.25123
0.948721
1.11144
1.24251
1.32759
1.66183
1.30305
1.16787
0.586299
0.387978
0.0626622
-0.448256
-0.812895
-0.602255
-0.492256
-0.235546
0.31097
0.301183
0.176576
-0.0134103
0.247133
0.244602
0.928174
1.58487
2.01565
1.58117
1.40175
0.997888
1.22831
1.31045
1.40439
1.11152
0.402905
0.785702
1.08067
0.9267
0.679875
0.701896
0.597957
0.342007
0.28124
0.439679
0.240079
-0.110545
0.128606
0.130097
-0.0771775
-0.0271028
0.0117564
-0.0838624
-0.380507
-0.0802733
-0.41473
-0.518658
-0.318847
-0.110253
0.124647
0.243709
0.26617
0.0316413
0.158492
0.100653
0.0178622
-0.0520374
-0.299775
-0.196445
-0.0741816
-0.170039
-0.236125
-0.268541
-0.302981
-0.461998
-0.381959
-0.751689
-0.503491
0.325191
0.585378
0.800157
1.1285
1.01545
0.431959
0.463295
0.602754
1.00715
0.592729
0.341791
0.200943
0.364103
0.565315
0.604728
0.344095
0.167209
0.724244
0.803371
0.504028
0.322873
0.395934
0.290185
0.212916
0.339512
0.570413
0.470788
0.543075
0.484404
0.62282
0.659297
0.775123
-0.0615172
-0.0980753
-0.297878
-0.426873
-0.205227
-0.0262222
0.0738516
0.274082
0.147508
0.205099
-0.126696
-0.0312711
-0.112492
0.220355
0.239784
0.0439062
-0.117303
0.233126
0.388185
0.320637
0.229022
0.0126032
0.114009
0.350357
0.431529
0.336584
0.347998
-0.0265767
0.0126718
0.095945
0.0414531
-0.0267149
0.306377
0.673461
0.890888
0.637389
0.727567
0.774334
0.310746
0.498615
0.727642
0.00814098
-0.107305
-0.0601275
0.0116496
0.436276
0.3733
0.0819716
-0.263768
-0.148366
-0.267894
-0.465864
-0.206594
0.0567492
-0.404083
-0.155844
-0.269104
-0.0617917
-0.0825176
0.223903
0.2319
0.334703
0.259087
0.422014
-0.184056
-0.332188
-0.159987
-0.166927
-0.282717
-0.358758
-0.556927
-0.382395
-0.370356
-0.18718
-0.445379
-0.404245
-0.467713
-0.541209
-0.397386
-0.290166
-0.493917
-0.289313
-0.255622
-0.426893
-0.431071
-0.243243
-0.367329
-0.568293
-0.452574
-0.428614
-0.608878
-0.482346
-0.514497
-0.452316
-0.521075
-0.271495
-0.482448
-1.05087
-1.13978
-0.987712
-1.20815
-1.09578
-0.877189
-1.0688
-0.951119
-0.929364
-0.782448
-1.09757
-1.20116
-1.1656
-1.20458
-0.951865
-0.609983
-1.21935
-0.857566
-0.84129
-0.717713
-0.764863
-0.397308
-0.795811
-0.709382
-0.91953
-0.974716
-1.07854
-1.22665
-1.30193
-1.42319
-1.28674
-0.16893
-0.312929
-0.533907
-0.772845
-0.861123
-0.461815
-0.482655
-0.536002
-0.683918
-0.74888
-0.252543
-0.463831
-0.920702
-1.05524
-0.911682
-0.644071
-0.406673
-0.689673
-0.92618
-0.545006
-0.339147
-0.284408
-0.491873
-0.480385
-0.674613
-0.648076
-0.531079
-0.490551
-0.526769
-0.368166
-0.420171
-0.489955
0.347328
0.373735
-0.0582486
-0.0808571
-0.32005
-0.024611
0.275449
0.279854
0.0371785
-0.00411066
0.39847
0.667591
0.104086
-0.0562252
-0.350296
-0.233065
0.0974416
-0.349961
-0.172741
-0.307632
-0.21455
0.0469116
-0.110902
-0.106507
-0.0908576
-0.134582
-0.120473
-0.121012
0.105377
0.200567
0.222253
0.289008
