2
-36
-10
-10
-74
-35
-24
-16
-57
-31
-65
-52
-68
-90
-62
-55
-32
-40
-23
-49
-35
-6
4
-66
-45
-7
-75
-11
-30
-13
-14
-2
-34
-33
15
-4
-27
-21
-18
-36
-7
-42
-32
-38
-112
-77
-22
-14
-33
-30
-46
-34
-19
-59
-61
-104
-35
-32
-54
-24
-37
-13
-32
-17
5
39
99
173
168
146
97
130
91
36
61
95
69
44
56
-16
-21
5
24
-69
28
-39
-69
-42
-23
-35
-42
-32
-75
-8
-48
-36
31
99
117
177
148
139
109
132
78
67
90
79
106
92
39
51
57
71
73
35
41
57
66
54
52
51
62
70
105
88
117
85
-1
14
47
41
10
16
-6
-59
-24
-37
-29
1
11
-51
-32
-6
5
21
-8
-9
28
2
-16
4
5
-3
5
23
24
20
27
18
-48
6
6
-16
-29
-26
-52
-95
-53
-42
-55
-29
-22
-38
-29
-29
-15
-106
-60
-53
-24
-3
15
-5
-56
-27
-32
-32
-22
-44
-7
-17
-63
-59
-48
-27
7
-9
-57
-84
-30
-145
-30
-85
-35
-61
-85
-85
-58
-73
-29
-50
-48
-52
-7
-64
-26
-36
-63
-36
-87
-95
-72
-58
-31
-70
15
-64
-84
-51
-33
-71
-67
-95
-93
-69
-57
-61
-45
-102
-86
-5
-15
-85
-47
-77
-48
-53
-31
-72
-79
-93
-70
-100
-128
-121
-77
-42
-102
-39
-22
-8
-9
-54
-65
-61
-38
-53
-87
-54
-70
-48
1
-105
-22
-42
13
-18
-67
-69
-66
-63
-76
-138
-84
-89
-88
-101
-11
-88
-78
-83
-42
-78
8
-37
-86
-89
-4
-101
-48
-11
-62
-38
-46
21
-63
-39
-32
-79
-37
-6
-73
-62
-27
-16
-33
-20
-20
-21
-17
4
-6
10
27
43
-9
25
64
2
46
7
23
27
22
20
12
20
30
38
3
22
-20
-4
50
4
17
52
42
46
41
61
-62
-59
-86
-78
-3
-4
-95
-62
-27
-85
-26
-82
-7
-58
-57
-113
-17
-73
-51
-70
-38
-42
-8
-23
-28
-79
-77
-32
-50
-43
-37
-39
-67
-110
-95
-36
-25
-12
-57
-118
-66
-60
-62
-99
-87
-76
-47
-44
-110
-77
-86
-82
-94
-111
-58
-27
-57
-18
-84
-49
-62
-64
-83
-61
-78
-65
-89
-18
-49
-41
-70
-3
-28
-52
-49
-96
-113
-79
-104
-52
-73
-79
-29
-86
-142
-58
-56
-70
-109
-103
-91
-153
-101
-139
-177
-159
-61
-15
-42
-7
-29
-17
-30
-14
-22
-59
-71
-50
-13
-54
-47
-77
-38
-45
4
-9
-40
-33
-11
-43
-76
-33
-46
-43
-39
-33
-52
-37
-4
16
32
-54
28
14
26
29
24
20
-6
0
-1
15
47
-13
-16
22
-5
12
0
49
29
29
19
51
42
43
51
52
61
70
-70
-53
-27
-46
3
-48
-93
-67
-74
-86
-143
-74
-69
-61
-23
-73
-94
-92
-66
-125
-73
-27
-54
-66
-73
-120
-72
-118
-84
-92
-79
-118
-37
-21
-11
-35
15
8
-13
-23
-21
38
-13
-7
-26
-7
32
26
15
-27
6
14
-61
5
-4
8
0
37
13
-5
10
27
13
25
-90
-15
-14
-12
-41
-33
-62
-40
-20
-10
-17
-36
-119
6
-26
-28
-12
-78
-80
-43
-46
-46
-63
14
-36
-65
-1
-19
-11
-6
-7
2
-39
-94
-105
-19
-13
-148
-53
-21
-55
-33
-15
-97
-66
-48
-70
-35
-37
-53
-84
-41
-55
-48
-61
-73
-115
-45
-86
-87
-94
-100
-91
-86
-45
-92
-101
-101
-34
-15
-2
-65
-63
-30
-36
2
-45
-29
-49
-108
-65
-51
4
-72
-32
-40
-167
-135
-108
-72
-119
-96
-57
-169
-112
-119
-124
-27
-33
-29
-2
44
-34
-43
-9
-58
-61
-50
-43
-88
-75
-67
-11
-35
-35
-35
-11
-39
-91
-59
-47
-57
-111
-55
-58
-73
-77
-82
-139
-86
-39
-65
3
4
-40
-104
-34
-74
-90
-91
-46
-85
-75
-35
-46
-52
-43
-40
-23
-51
-47
-56
-10
-64
-111
-53
-65
-79
-75
-79
-97
-63
-136
-47
-26
13
-98
-38
-35
-71
-55
-57
-48
-101
-56
-72
-51
-79
-87
-86
-37
-84
-58
-91
-132
-84
-98
-162
-125
-138
-101
-134
-74
-81
-135
-90
-81
-68
-58
-64
-28
-31
-40
-71
-11
-68
-105
-26
-50
-107
3
-33
-53
-38
-38
-64
-79
-94
-99
-84
-174
-118
-128
-140
-93
-103
-54
-47
18
-38
-41
-112
17
-32
-40
-2
-14
-11
-28
14
-70
-84
-43
-47
12
-23
-45
-7
-6
-1
-12
-42
-8
-14
8
2
-86
-13
-43
7
29
-31
-3
-8
-44
-24
-48
-16
62
-1
-28
-25
-25
-27
-16
-83
-22
-8
-54
5
-13
-55
-25
-23
-7
17
5
12
-69
-52
-9
-23
-48
-15
-24
8
-50
-23
-48
-95
-79
-18
-108
-73
-52
-65
-96
-46
-65
-91
-76
-36
-37
-60
-67
-103
-116
-106
-122
-116
-68
-77
-60
-137
-2
-60
-20
32
-52
-75
-67
-67
-85
-82
-115
-73
-65
-69
-38
-114
-80
-67
-158
-94
-64
-54
-66
-148
-173
-141
-144
-152
-37
-17
-56
-66
-14
-56
-20
54
-6
-37
-30
-61
-30
-46
-36
-94
-38
-23
-60
-36
-23
-13
-42
-66
-43
-4
-34
-108
-55
-55
-58
-48
-55
-115
-34
-40
-43
4
-3
20
9
-31
-17
39
-30
34
-21
-23
-4
-28
3
-21
-27
16
-47
-10
-58
-3
-18
2
-30
0
-4
10
36
59
-43
-4
-47
36
-16
21
30
-81
-83
-21
41
-40
-2
53
-22
9
-45
2
-15
44
-17
-23
-15
50
119
44
-56
-17
-69
-21
33
77
14
36
-55
80
36
-8
44
-40
-46
-8
8
4
-2
53
3
-3
-73
-23
-6
1
-9
-24
-6
36
113
37
-82
-73
-145
-94
-53
5
-23
-9
-61
-8
0
-19
-22
-29
-14
-48
-15
-59
-48
-8
-76
-90
-9
-7
0
-39
11
-18
-25
-95
-51
-55
-41
-46
-25
-39
-76
-22
-75
-32
-80
-31
-60
-39
8
-58
-138
-79
-73
-76
-28
-33
-69
8
-50
26
-4
-25
-76
-77
-60
-66
-154
-137
-137
-206
-116
-248
-59
5
52
-10
-30
21
51
9
55
125
186
104
97
114
95
110
99
178
143
107
60
49
40
88
53
60
21
2
2
24
0
-1
93
73
56
-24
-17
13
-18
32
94
252
213
161
163
207
168
118
143
197
183
215
146
152
163
148
124
109
120
51
12
10
-3
-24
233
230
194
196
176
169
213
196
177
226
185
283
228
249
243
261
220
197
273
199
238
210
216
240
214
243
248
257
263
278
270
277
222
182
196
125
165
183
162
168
173
203
229
230
257
217
156
205
169
238
146
198
223
167
215
231
202
222
213
190
209
204
223
208
214
243
188
204
194
201
195
211
252
187
290
274
289
268
217
219
249
275
233
244
266
260
264
232
202
253
271
258
265
284
271
277
254
213
213
183
188
177
193
196
219
183
256
252
272
235
232
244
228
273
220
239
186
210
217
203
244
257
238
244
233
242
243
256
213
159
94
97
63
105
139
112
101
163
165
212
133
134
197
187
159
148
117
127
140
127
137
112
174
101
160
150
164
156
160
172
195
91
110
59
-18
47
88
109
43
137
119
123
146
119
144
137
83
125
82
136
71
67
94
75
107
66
129
142
96
124
129
125
177
120
89
23
29
-25
45
50
51
75
38
139
80
129
25
78
44
37
66
45
53
-28
12
52
-14
4
20
48
-11
13
-8
5
121
191
140
149
137
118
152
170
108
162
181
114
148
153
148
147
154
176
140
156
140
141
168
174
131
175
180
192
208
209
208
217
128
69
110
104
106
92
70
98
114
123
74
81
85
113
93
106
67
31
92
114
62
95
77
116
105
119
113
124
133
152
144
158
82
-7
38
-57
-25
-17
11
-24
12
46
-18
35
-4
60
45
-18
-12
15
-22
30
-2
36
-58
-19
-54
7
28
-24
-25
18
21
19
127
95
89
51
57
65
62
49
57
74
106
83
112
85
92
57
127
75
95
61
54
76
101
59
84
76
102
118
125
129
143
131
131
130
101
111
55
120
118
112
109
122
85
134
134
117
129
139
121
125
105
114
104
130
110
140
121
154
129
173
160
181
176
184
17
19
10
-61
-51
-34
-39
-52
1
12
-37
16
25
-59
-6
8
12
-37
-1
41
25
-58
22
-35
-24
-19
3
-9
3
5
20
12
72
4
18
37
12
31
15
15
18
33
4
26
-2
22
6
37
32
28
24
63
-6
32
-6
70
41
27
-3
63
38
63
56
70
125
26
59
49
43
52
65
43
56
60
32
45
91
66
88
69
92
64
66
83
96
89
59
105
64
95
99
110
103
129
108
129
66
34
40
42
26
28
40
52
49
16
72
48
64
55
58
65
66
15
63
87
18
44
31
58
45
54
72
84
98
100
109
107
52
53
39
49
48
7
30
72
30
29
40
15
39
26
58
21
60
54
52
57
58
41
34
18
65
67
83
100
96
117
109
118
134
162
173
242
207
99
194
215
223
182
74
57
44
210
164
111
88
65
70
84
80
89
50
92
34
124
113
126
125
131
141
133
97
57
97
78
46
66
45
46
51
50
97
36
104
116
78
88
99
87
44
37
69
68
86
44
107
94
97
89
111
105
125
103
44
-35
-5
8
10
-33
-16
-17
-12
34
-62
-28
6
0
2
-18
-32
-21
11
-14
-48
-28
-30
-73
20
-40
-10
-15
-33
-44
-29
-21
-35
-78
16
15
33
-33
-39
-34
-18
19
-2
-23
-12
-56
-16
-59
-43
-6
19
-60
-17
-53
-9
-9
-26
-11
3
-28
13
-26
-1
-21
1
8
14
5
21
-63
28
13
-5
11
7
-31
1
15
-20
33
16
-15
-11
19
4
12
-23
9
-2
17
34
36
53
43
51
41
68
51
77
74
46
81
62
64
62
106
69
32
62
83
73
118
74
62
88
92
73
89
74
84
52
94
87
102
94
133
102
129
4
8
-52
-122
-40
-69
-65
-54
-33
-43
-84
-65
-72
-81
16
4
-64
3
-51
-47
-68
-50
-24
-57
-60
-31
-68
-55
9
-20
0
-5
-8
-21
-14
-13
-24
5
-23
-20
-29
-2
1
-7
-35
-35
12
7
-18
7
-5
-23
-36
-18
11
-54
3
-25
37
27
34
46
40
41
53
26
60
19
31
57
31
46
37
34
66
43
20
43
76
57
78
47
35
58
57
61
85
75
43
86
81
85
102
111
107
114
-16
-114
-102
-66
-115
-116
-103
-56
-77
-123
-38
-56
-43
-28
-98
-68
-81
-25
-99
-102
-15
-75
-24
-113
-39
-21
-69
-137
-49
-91
-53
-74
-25
-21
-30
-83
-32
-64
-35
-49
-16
-28
-30
-12
-11
13
-19
-8
-93
35
-19
22
-28
-35
10
14
6
26
-13
15
-25
32
0
24
-91
-99
-85
-74
-77
-66
-115
-50
-79
-124
-18
-69
-119
-39
-40
-81
-41
-82
-58
-97
10
-20
-17
-124
-41
-11
-81
-50
-57
-80
-86
-80
-122
-109
-86
-127
-86
-193
-137
-94
-106
-94
-94
-95
-107
-49
-93
-79
-93
-95
-12
-81
-109
-52
-64
-45
-89
-108
-98
-125
-96
-219
-242
-296
-119
-83
-106
-76
-95
-194
-158
-111
-107
-98
-150
-109
-93
-40
-76
-127
-42
-129
-89
-96
-95
-107
-50
-82
-77
-88
-114
-161
-155
-231
-199
-270
-78
-74
-24
-73
-59
-82
-56
-13
-103
-4
9
-37
-34
-60
-36
-13
-53
-51
-56
-8
-5
-59
-8
-54
-31
6
-28
-12
-40
-28
-44
-15
-129
-75
-96
-29
-80
-108
-57
-61
-46
-107
-136
-105
-44
-55
-120
-94
-49
-77
-97
-43
-117
-41
-93
-37
-37
-51
-31
-49
-70
-73
-86
-79
-81
-95
-97
-101
-102
-96
-122
-84
-80
-87
-15
-79
-97
-85
-104
-131
-47
-98
-39
-103
-82
-58
-122
-48
-59
-105
-113
-64
-102
-122
-103
-109
-25
-107
-77
-103
-60
-90
-149
-68
-124
-74
-106
-65
-79
-68
-85
-133
-121
-97
-134
-74
-102
-120
-87
-91
-68
-68
-121
-154
-144
-194
-190
-175
-33
11
-33
-8
-10
-16
41
-3
-38
2
-15
-1
16
6
9
-7
-4
9
-17
22
7
10
-7
8
-17
-2
3
20
41
29
7
41
-24
22
-26
-1
-9
-2
10
-13
4
-1
-35
-20
17
6
-46
9
21
58
6
10
-12
45
32
50
-18
54
24
47
9
55
36
56
-29
-55
-26
-57
-65
-29
-14
-106
-75
-93
-74
-66
-52
-42
-57
-53
-3
-24
-39
-55
-61
-32
-41
-26
-8
10
-36
-58
-34
-11
-24
-7
-43
-85
-104
-132
-144
-52
-35
-79
-84
-80
-104
-113
-145
-143
-78
-81
-40
-30
-85
-70
9
-51
-56
-31
-79
-81
-120
-112
-65
-136
-75
-136
-68
-115
-64
-46
-97
-82
-42
-45
-70
-9
-57
-54
-64
-46
-46
-46
-19
-29
8
-10
7
5
-79
-137
-17
-82
-38
-44
-34
-22
-18
-25
-118
-10
-65
-40
-87
-91
-64
-73
-35
-65
-47
-67
-54
-78
-36
-58
-57
-28
-25
22
-11
-67
12
-92
-73
-69
-67
-24
-28
-39
-39
-25
82
286
220
312
282
275
177
113
82
175
262
201
36
-23
11
47
109
45
-10
41
63
-21
142
86
76
-101
13
-38
-21
11
-50
-78
111
291
259
308
279
273
168
129
69
165
269
197
92
19
47
82
91
90
69
47
85
37
146
92
84
-4
13
32
38
30
33
47
-41
34
65
101
68
49
-35
-1
-25
19
43
81
-55
53
54
20
-13
9
0
-3
-20
5
-27
46
4
-8
17
24
46
53
60
51
22
40
68
75
119
30
20
-29
17
0
-12
-56
9
0
-14
12
-18
9
-16
-26
-19
-39
-47
14
-44
-19
-17
3
15
27
6
21
-39
23
64
30
56
10
27
30
-7
21
16
54
-7
8
58
53
16
20
4
34
47
25
29
24
37
52
48
46
33
28
54
49
-25
-4
-6
-23
-7
-15
-4
86
21
28
57
9
35
-39
29
20
6
-26
-13
-9
-5
-34
12
14
10
-32
-26
4
-16
10
-38
-18
66
5
-74
-32
38
-42
-29
-24
2
-70
0
-16
0
-22
-22
-7
-17
-4
-70
-23
-30
-20
-64
-15
2
-21
7
7
28
23
34
14
72
48
47
45
8
36
67
43
82
52
62
72
41
64
73
97
67
70
80
74
68
76
80
86
65
85
75
114
106
112
112
129
-3
-67
-80
-25
-30
-104
-14
-23
-73
-66
-108
-69
-70
-39
-16
-99
-105
-145
-56
-58
-55
-66
-23
-48
-70
-101
-38
-69
6
-44
-24
-40
-29
-90
-90
-69
-78
-47
6
-42
-28
-79
-125
-51
-88
-139
-59
-144
-102
-133
-95
-149
-58
-109
-43
-101
-69
-62
-107
-102
-114
-112
-101
-113
-12
-15
-64
-31
-24
6
2
1
-1
-27
-27
-44
-21
9
-32
-30
26
-1
0
-43
-14
-2
0
-5
14
-4
-26
36
9
34
28
37
13
38
27
30
34
45
24
65
65
46
37
21
69
50
35
68
54
53
27
44
30
77
58
85
86
49
82
93
79
92
74
107
-11
-51
-60
-75
-18
-65
-38
-64
-58
-45
-51
-52
-74
-41
-68
-97
-59
-51
6
-57
9
-31
-58
-39
-29
-81
-18
-18
4
-36
-13
-18
-25
-3
21
-26
-23
14
36
-5
0
6
-8
14
-7
-4
31
2
17
-20
40
15
-73
40
33
1
11
31
32
45
34
61
52
65
-39
-47
-14
-65
-101
-50
-83
-15
-4
-47
-35
-44
14
-6
-10
-17
-22
-45
-18
-14
-67
-4
-37
-17
-12
-18
-47
-24
-52
-26
-28
-11
-33
-85
-79
-71
-83
-22
-78
-23
-46
-93
-79
-72
-55
-62
-81
-43
-108
-35
-49
-17
-46
-42
-11
-41
-57
-19
-38
-44
-30
-32
-30
-20
-35
-88
-39
-96
-93
-29
-21
-113
-61
-93
-28
-48
-66
-69
-101
-89
-68
-35
-12
-57
-48
-70
-29
-69
0
-18
-5
-42
1
-22
-22
-25
-13
16
11
-15
-11
-5
12
1
-11
-7
-26
12
-10
24
9
48
6
32
4
12
5
33
40
38
21
28
-3
35
44
49
53
59
0
-10
-20
-1
-78
-44
-28
-1
-5
-11
-58
-15
-5
-51
-70
-19
22
4
-12
-5
-63
36
-29
5
-14
-17
24
34
23
33
12
31
-45
-71
-94
-45
-64
-91
-89
-94
-123
-72
-75
-86
-87
-71
-55
-96
-85
-91
-105
-66
-49
-124
-84
-52
-5
-68
-80
-85
-55
-71
-79
-67
-96
-81
-62
-76
-86
-86
-58
-62
-116
-75
-129
-93
-126
-156
-60
-102
-115
-52
-109
-90
-134
-61
-84
-64
-63
-94
-79
-35
-87
-80
-83
-87
