-38
-14
-67
-31
-36
-12
-52
-19
-45
-39
-34
-49
-88
-82
-94
-86
-59
-22
-18
-86
-84
-65
-3
-39
-35
-98
-79
-48
-31
-37
-59
-24
-67
-80
-43
-41
-54
-42
-43
-71
-73
-38
-114
-136
-36
-86
-111
-79
-23
-76
-74
-43
-55
-89
-77
-80
-50
-69
-73
-79
-63
-38
-62
-60
-11
-4
4
5
6
-46
-30
-32
-64
-20
-14
-22
-11
-47
30
-16
-23
-59
-44
2
-21
26
-32
19
-7
18
-5
13
3
28
6
27
-13
-14
9
-45
-26
6
-7
7
-9
5
-20
-23
-21
-3
6
-24
47
-1
21
-3
2
-7
-19
41
0
22
31
30
42
45
39
56
-44
-58
-60
-61
-35
-70
-85
-54
-60
-44
-45
-80
-131
-58
-93
-38
-48
-81
-161
-125
-82
-51
-56
-75
-23
-60
-72
-72
-86
-74
-63
-75
2
-37
-11
-11
-76
-36
-23
-18
-58
-32
-66
-51
-68
-91
-62
-55
-33
-39
-23
-48
-35
-6
4
-66
-44
-7
-74
-10
-30
-13
-13
-2
-34
-34
14
-5
-29
-22
-17
-38
-8
-43
-33
-37
-112
-78
-22
-14
-34
-29
-46
-33
-19
-59
-61
-104
-34
-32
-53
-23
-37
-13
-31
-17
5
38
98
172
166
145
98
128
90
35
60
96
69
43
56
-16
-22
6
24
-68
28
-39
-69
-42
-22
-35
-41
-31
-75
-8
-47
-36
31
98
116
176
146
138
110
130
77
66
89
80
106
91
39
51
56
72
73
36
41
57
66
54
53
51
63
71
105
88
118
85
-1
13
46
40
8
15
-5
-61
-25
-38
-30
2
11
-52
-32
-6
4
22
-8
-8
28
2
-16
4
6
-3
6
24
24
20
28
18
-48
5
5
-17
-31
-27
-51
-97
-54
-43
-56
-28
-22
-39
-29
-29
-16
-105
-60
-52
-24
-3
15
-5
-55
-27
-31
-31
-22
-44
-6
-17
-63
-60
-49
-28
5
-10
-56
-86
-31
-146
-31
-84
-35
-62
-85
-85
-59
-72
-29
-49
-48
-52
-7
-64
-25
-36
-62
-35
-87
-95
-71
-58
-31
-71
14
-65
-86
-52
-32
-73
-68
-96
-94
-68
-57
-62
-45
-102
-87
-4
-15
-84
-47
-77
-48
-53
-30
-72
-78
-92
-70
-100
-127
-121
-77
-43
-103
-40
-24
-9
-8
-56
-66
-62
-39
-52
-87
-55
-70
-48
0
-104
-22
-41
13
-18
-67
-69
-65
-63
-75
-137
-84
-89
-87
-101
-11
-89
-79
-84
-44
-79
9
-39
-87
-90
-5
-100
-48
-12
-62
-38
-47
22
-63
-38
-32
-79
-37
-6
-72
-62
-26
-15
-33
-20
-19
-21
-17
3
-7
9
25
42
-8
23
63
1
45
8
23
26
22
20
11
21
30
39
3
22
-20
-4
51
4
18
53
42
46
42
61
-62
-60
-87
-79
-5
-5
-94
-64
-28
-86
-27
-81
-7
-59
-57
-113
-18
-72
-51
-69
-38
-42
-8
-23
-27
-79
-76
-31
-50
-43
-36
-39
-67
-111
-96
-37
-27
-13
-56
-120
-67
-61
-63
-98
-87
-77
-47
-44
-111
-76
-86
-81
-94
-111
-58
-27
-56
-18
-83
-48
-62
-64
-82
-61
-78
-66
-90
-19
-51
-42
-69
-5
-29
-53
-50
-95
-113
-80
-104
-52
-74
-78
-29
-85
-142
-58
-56
-70
-108
-103
-90
-152
-101
-139
-176
-159
-61
-16
-43
-8
-31
-18
-29
-16
-23
-60
-72
-49
-13
-55
-47
-77
-39
-44
4
-8
-40
-33
-11
-43
-75
-33
-45
-42
-39
-33
-51
-37
-4
15
31
-55
26
13
27
27
23
19
-7
1
-1
14
47
-13
-17
23
-5
13
0
49
29
29
20
51
43
44
51
52
62
70
-70
-54
-28
-47
1
-49
-92
-69
-75
-87
-144
-73
-69
-62
-23
-73
-95
-91
-66
-124
-73
-27
-54
-66
-72
-120
-71
-117
-84
-92
-78
-118
-37
-22
-12
-36
13
7
-12
-25
-22
37
-14
-6
-26
-8
32
26
14
-26
6
15
-61
5
-4
8
1
37
14
-4
10
27
14
25
-90
-16
-15
-13
-43
-34
-61
-42
-21
-11
-18
-35
-119
5
-26
-28
-13
-77
-80
-42
-46
-46
-63
14
-35
-65
0
-18
-11
-6
-6
2
-39
-95
-106
-20
-15
-149
-52
-23
-56
-34
-16
-96
-66
-49
-70
-35
-38
-52
-84
-40
-55
-48
-61
-73
-114
-45
-85
-86
-94
-100
-90
-86
-45
-93
-102
-102
-36
-16
-1
-67
-64
-31
-37
3
-45
-30
-49
-108
-66
-50
4
-71
-32
-40
-167
-135
-107
-72
-118
-95
-57
-169
-111
-119
-124
-28
-34
-30
-4
43
-33
-45
-10
-59
-62
-49
-43
-89
-75
-67
-12
-34
-35
-34
-11
-39
-91
-59
-46
-57
-110
-54
-58
-73
-76
-82
-139
-87
-40
-66
1
3
-39
-106
-35
-75
-91
-90
-46
-86
-75
-35
-47
-51
-43
-39
-23
-51
-47
-56
-9
-64
-110
-52
-65
-79
-74
-79
-97
-64
-137
-48
-28
12
-97
-40
-36
-72
-56
-56
-48
-102
-56
-72
-52
-78
-87
-85
-37
-84
-58
-91
-131
-84
-97
-161
-125
-138
-100
-134
-74
-82
-136
-91
-83
-69
-57
-66
-29
-32
-41
-70
-11
-69
-105
-26
-51
-106
3
-32
-53
-38
-38
-64
-78
-94
-98
-83
-174
-118
-127
-140
-93
-104
-55
-48
16
-39
-40
-114
16
-33
-41
-1
-14
-12
-28
14
-71
-83
-43
-46
12
-23
-45
-7
-5
-1
-11
-41
-8
-14
9
2
-86
-14
-44
6
27
-32
-2
-10
-45
-25
-49
-15
62
-2
-28
-25
-26
-26
-16
-82
-22
-8
-54
5
-12
-55
-24
-22
-7
17
6
12
-69
-53
-10
-24
-50
-16
-23
6
-51
-24
-49
-94
-79
-19
-108
-73
-53
-64
-96
-45
-65
-91
-76
-36
-36
-60
-66
-102
-116
-106
-121
-116
-68
-78
-61
-138
-4
-61
-19
30
-53
-76
-68
-66
-85
-83
-115
-73
-66
-68
-38
-113
-80
-67
-158
-94
-63
-54
-65
-147
-173
-141
-143
-152
-37
-18
-57
-67
-16
-57
-19
52
-7
-38
-31
-60
-30
-47
-36
-94
-39
-22
-60
-35
-23
-13
-42
-66
-42
-4
-33
-107
-55
-55
-57
-48
-55
-116
-35
-41
-45
3
-2
18
8
-32
-18
40
-30
33
-21
-23
-5
-27
3
-20
-27
16
-47
-10
-57
-3
-17
3
-30
0
-3
10
36
58
-44
-5
-49
35
-15
19
29
-82
-84
-20
41
-41
-2
53
-23
10
-45
3
-15
44
-17
-23
-14
50
120
45
-56
-17
-68
-21
33
76
13
35
-57
79
37
-10
43
-41
-47
-7
8
3
-2
53
2
-2
-73
-22
-6
1
-9
-24
-5
36
114
38
-82
-73
-144
-94
-53
4
-24
-10
-63
-9
1
-21
-23
-30
-15
-47
-15
-60
-48
-8
-77
-89
-9
-6
0
-39
11
-18
-24
-95
-50
-54
-41
-46
-24
-39
-76
-23
-76
-33
-82
-32
-59
-41
7
-59
-139
-78
-73
-77
-28
-33
-70
9
-50
27
-4
-25
-76
-77
-59
-66
-153
-136
-137
-206
-115
-248
-59
4
51
-11
-32
20
52
7
54
124
185
105
97
113
95
110
98
179
143
108
60
49
40
88
54
60
22
3
2
24
1
-1
93
72
55
-25
-19
12
-17
30
93
251
212
162
163
206
168
118
142
198
183
216
146
152
163
148
125
109
121
52
12
10
-2
-24
233
229
193
195
174
168
214
194
176
225
184
284
228
248
243
261
219
198
273
200
238
210
216
240
215
243
249
258
263
278
271
277
222
181
195
124
163
182
163
166
172
202
228
231
257
216
156
205
168
239
146
199
223
167
215
231
203
222
214
191
209
204
224
208
214
242
187
203
192
200
196
209
251
186
289
275
289
267
217
219
248
276
233
245
266
260
264
232
203
253
272
259
265
284
272
277
254
212
212
182
186
176
194
194
218
182
255
253
272
234
232
244
227
274
220
240
186
210
217
203
245
257
239
245
233
242
244
256
213
158
93
96
61
104
140
110
100
162
164
213
133
133
197
187
158
149
117
128
140
127
137
112
175
101
161
151
164
156
161
172
195
90
109
58
-20
46
89
107
42
136
118
124
146
118
144
137
82
126
82
137
71
67
94
75
108
66
130
143
96
124
130
125
177
119
88
22
27
-26
46
48
50
74
37
140
80
128
25
78
43
38
66
46
53
-28
12
52
-13
4
21
49
-11
13
-7
5
121
190
139
148
135
117
153
168
107
161
180
115
148
152
148
147
153
177
140
157
140
141
168
174
132
175
181
193
208
209
209
217
128
68
109
103
104
91
71
96
113
122
73
82
85
112
93
106
66
32
92
115
62
95
77
116
106
119
114
125
133
152
145
158
82
-8
37
-58
-27
-18
12
-26
11
45
-19
36
-4
59
45
-18
-13
16
-22
31
-2
36
-58
-19
-53
7
29
-23
-25
18
22
19
127
94
88
50
55
64
63
47
56
73
105
84
112
84
92
57
126
76
95
62
54
76
101
59
85
76
103
119
125
129
144
131
131
129
100
110
53
119
119
110
108
121
84
135
134
116
129
139
120
126
105
115
104
130
110
140
122
154
130
174
160
181
177
184
17
18
9
-62
-53
-35
-38
-54
0
11
-38
17
25
-60
-6
8
11
-36
-1
42
25
-58
22
-35
-23
-19
4
-8
3
5
21
12
72
3
17
36
10
30
16
13
17
32
3
27
-2
21
6
37
31
29
24
64
-6
32
-6
70
42
27
-2
64
38
63
57
70
125
25
58
48
41
51
66
41
55
59
31
46
91
65
88
69
91
65
66
84
96
89
59
105
65
95
100
111
103
129
109
129
66
33
39
41
24
27
41
50
48
15
71
49
64
54
58
65
65
16
63
88
18
44
31
58
46
54
73
85
98
100
110
107
52
52
38
48
46
6
31
70
29
28
39
16
39
25
58
21
59
55
52
58
58
41
34
18
66
67
84
101
96
117
110
118
134
161
172
241
205
98
195
213
222
181
73
58
44
209
164
111
87
66
70
85
80
89
50
92
35
124
114
127
125
131
142
133
97
56
96
77
44
65
46
44
50
49
96
37
104
115
78
88
98
88
44
38
69
68
86
44
108
94
98
90
111
105
126
103
44
-36
-6
7
8
-34
-15
-19
-13
33
-63
-27
6
-1
2
-18
-33
-20
11
-13
-48
-28
-30
-73
21
-40
-9
-14
-33
-44
-28
-21
-35
-79
15
14
31
-34
-38
-36
-19
18
-3
-22
-12
-57
-16
-59
-44
-5
19
-59
-17
-53
-9
-9
-25
-11
4
-27
13
-26
0
-21
1
7
13
4
19
-64
29
11
-6
10
6
-30
1
14
-20
33
15
-14
-11
20
4
12
-23
9
-1
17
35
37
53
43
52
41
68
50
76
73
44
80
63
62
61
105
68
33
62
82
73
118
73
63
88
93
73
89
74
84
53
94
88
103
94
133
103
129
4
7
-53
-123
-42
-70
-64
-56
-34
-44
-85
-64
-72
-82
16
4
-65
4
-51
-46
-68
-50
-24
-57
-59
-31
-67
-54
9
-20
1
-5
-8
-22
-15
-14
-26
4
-22
-22
-30
-3
0
-6
-35
-36
12
7
-19
8
-5
-22
-36
-18
11
-54
4
-25
38
28
34
46
41
41
53
25
59
18
29
56
32
44
36
33
65
44
20
42
76
57
77
48
35
59
57
61
85
75
44
86
82
86
102
111
108
114
-16
-115
-103
-67
-117
-117
-102
-58
-78
-124
-39
-55
-43
-29
-98
-68
-82
-24
-99
-101
-15
-75
-24
-113
-38
-21
-68
-136
-49
-91
-52
-74
-25
-22
-31
-84
-34
-65
-34
-51
-17
-29
-31
-11
-11
12
-19
-8
-94
36
-19
23
-28
-35
10
14
7
26
-12
16
-25
32
1
24
-91
-100
-86
-75
-79
-67
-114
-52
-80
-125
-19
-68
-119
-40
-40
-81
-42
-81
-58
-96
10
-20
-17
-124
-40
-11
-80
-49
-57
-80
-85
-80
-122
-110
-87
-128
-88
-194
-136
-96
-107
-95
-95
-94
-107
-50
-93
-79
-94
-94
-12
-80
-109
-52
-64
-45
-88
-108
-97
-124
-96
-219
-241
-296
-119
-84
-107
-77
-97
-195
-157
-113
-108
-99
-151
-108
-93
-41
-76
-127
-43
-128
-89
-95
-95
-107
-50
-82
-76
-88
-113
-160
-155
-231
-198
-270
-78
-75
-25
-74
-61
-83
-55
-15
-104
-5
8
-36
-34
-61
-36
-13
-54
-50
-56
-7
-5
-59
-8
-54
-30
6
-27
-11
-40
-28
-43
-15
-129
-76
-97
-30
-82
-109
-56
-63
-47
-108
-137
-104
-44
-56
-120
-94
-50
-76
-97
-42
-117
-41
-93
-37
-36
-51
-30
-48
-70
-73
-85
-79
-81
-96
-98
-102
-104
-97
-121
-86
-81
-88
-16
-78
-97
-86
-104
-131
-48
-97
-39
-102
-82
-58
-122
-48
-58
-105
-112
-63
-102
-122
-102
-109
-25
-108
-78
-104
-62
-91
-148
-70
-125
-75
-107
-64
-79
-69
-85
-133
-122
-96
-134
-73
-102
-120
-87
-91
-67
-68
-120
-153
-144
-194
-189
-175
-33
10
-34
-9
-12
-17
42
-5
-39
1
-16
0
16
5
9
-7
-5
10
-17
23
7
10
-7
8
-16
-2
4
21
41
29
8
41
-24
21
-27
-2
-11
-3
11
-15
3
-2
-36
-19
17
5
-46
9
20
59
6
11
-12
45
32
50
-17
54
25
48
9
55
37
56
-29
-56
-27
-58
-67
-30
-13
-108
-76
-94
-75
-65
-52
-43
-57
-53
-4
-23
-39
-54
-61
-32
-41
-26
-7
10
-35
-57
-34
-11
-23
-7
-43
-86
-105
-133
-146
-53
-34
-81
-85
-81
-105
-112
-145
-144
-78
-81
-41
-29
-85
-69
9
-51
-56
-31
-78
-81
-119
-111
-65
-136
-74
-136
-68
-116
-65
-47
-99
-83
-41
-47
-71
-10
-58
-53
-64
-47
-46
-46
-20
-28
8
-9
7
5
-79
-137
-16
-82
-37
-43
-34
-22
-17
-25
-118
-11
-66
-41
-89
-92
-63
-75
-36
-66
-48
-66
-54
-79
-36
-58
-58
-27
-25
23
-11
-67
12
-92
-72
-69
-66
-23
-28
-39
-38
-25
82
285
219
311
280
274
178
111
81
174
261
202
36
-24
11
47
108
46
-10
42
63
-21
142
86
77
-101
14
-37
-21
11
-49
-78
111
290
258
307
277
272
169
127
68
164
268
198
92
18
47
82
90
91
69
48
85
37
146
92
85
-4
14
33
38
30
34
47
-41
33
64
100
66
48
-34
-3
-26
18
42
82
-55
52
54
20
-14
10
0
-2
-20
5
-27
46
5
-8
18
25
46
53
61
51
22
39
67
74
117
29
21
-31
16
-1
-13
-55
9
-1
-14
12
-19
10
-16
-25
-19
-39
-47
14
-43
-19
-16
4
15
27
7
21
-39
22
63
29
54
9
28
28
-8
20
15
55
-7
7
58
53
15
21
4
35
47
25
29
24
38
52
49
47
33
28
55
49
-25
-5
-7
-24
-9
-16
-3
84
20
27
56
10
35
-40
29
20
5
-25
-13
-8
-5
-34
12
14
11
-32
-25
5
-16
10
-37
-18
66
4
-75
-33
36
-43
-28
-26
1
-71
-1
-15
0
-23
-22
-7
-18
-3
-70
-22
-30
-20
-64
-15
3
-21
8
8
28
23
35
14
72
47
46
44
6
35
68
41
81
51
61
73
41
63
73
97
66
71
80
75
68
76
80
86
66
85
76
115
106
112
113
129
-3
-68
-81
-26
-32
-105
-13
-25
-74
-67
-109
-68
-70
-40
-16
-99
-106
-144
-56
-57
-55
-66
-23
-48
-69
-101
-37
-68
6
-44
-23
-40
-29
-91
-91
-70
-80
-48
7
-44
-29
-80
-126
-50
-88
-140
-59
-144
-103
-132
-95
-148
-58
-109
-43
-101
-68
-62
-106
-101
-114
-112
-100
-113
-12
-16
-65
-32
-26
5
3
-1
-2
-28
-28
-43
-21
8
-32
-30
25
0
0
-42
-14
-2
0
-5
15
-4
-25
37
9
34
29
37
13
37
26
29
32
44
25
63
64
45
36
22
69
49
35
68
53
54
27
45
30
77
58
85
87
49
83
94
79
92
75
107
-11
-52
-61
-76
-20
-66
-37
-66
-59
-46
-52
-51
-74
-42
-68
-97
-60
-50
6
-56
9
-31
-58
-39
-28
-81
-17
-17
4
-36
-12
-18
-25
-4
20
-27
-25
13
37
-7
-1
5
-9
15
-7
-5
31
2
16
-19
40
16
-73
40
33
1
12
31
33
46
34
61
53
65
-39
-48
-15
-66
-103
-51
-82
-17
-5
-48
-36
-43
14
-7
-10
-17
-23
-44
-18
-13
-67
-4
-37
-17
-11
-18
-46
-23
-52
-26
-27
-11
-33
-86
-80
-72
-85
-23
-77
-25
-47
-94
-80
-71
-55
-63
-81
-43
-109
-34
-49
-16
-46
-42
-11
-41
-56
-19
-37
-43
-30
-32
-29
-20
