-12
-4
3
6
6
-46
-31
-31
-64
-20
-15
-24
-12
-48
29
-17
-24
-60
-45
1
-22
25
-33
18
-8
16
-7
11
2
26
4
26
-14
-14
8
-44
-26
6
-8
8
-9
5
-21
-25
-22
-4
5
-25
46
-2
20
-4
1
-8
-20
40
-1
20
29
28
41
43
37
55
-45
-58
-61
-60
-35
-70
-86
-53
-60
-44
-46
-82
-132
-59
-94
-39
-49
-82
-162
-126
-83
-52
-57
-76
-24
-62
-74
-74
-87
-76
-65
-76
1
-37
-12
-10
-76
-36
-24
-17
-58
-32
-67
-53
-69
-92
-63
-56
-34
-40
-24
-49
-36
-7
3
-67
-45
-9
-76
-12
-31
-15
-15
-3
-35
-34
13
-4
-29
-22
-18
-37
-8
-43
-34
-39
-113
-79
-23
-15
-35
-30
-47
-34
-20
-60
-62
-105
-35
-34
-55
-25
-38
-15
-33
-18
4
38
97
173
166
145
97
129
90
35
59
94
68
42
55
-17
-23
5
23
-69
27
-40
-70
-43
-23
-37
-43
-33
-76
-10
-49
-37
30
98
115
177
146
138
109
131
77
66
88
78
105
90
38
50
55
71
72
35
40
56
65
53
52
49
61
69
104
86
116
84
-2
13
45
41
8
15
-6
-60
-25
-38
-31
0
10
-53
-33
-7
3
21
-9
-9
27
1
-17
3
5
-5
4
22
23
18
26
17
-49
5
4
-16
-31
-27
-52
-96
-54
-43
-57
-30
-23
-40
-30
-30
-17
-106
-61
-53
-25
-4
14
-6
-56
-29
-33
-33
-23
-46
-8
-18
-64
-60
-50
-27
5
-10
-57
-85
-31
-146
-32
-86
-36
-63
-86
-86
-60
-73
-30
-50
-49
-53
-8
-65
-26
-38
-64
-37
-88
-97
-73
-59
-32
-71
13
-64
-86
-52
-33
-72
-68
-96
-95
-70
-58
-63
-46
-103
-88
-5
-16
-85
-48
-78
-49
-54
-31
-74
-80
-94
-71
-102
-129
-122
-78
-43
-104
-39
-24
-9
-9
-55
-66
-62
-40
-54
-88
-56
-71
-49
-1
-105
-23
-42
12
-19
-68
-70
-66
-65
-77
-139
-85
-91
-89
-102
-12
-89
-80
-83
-44
-79
8
-38
-87
-90
-6
-102
-49
-13
-63
-39
-48
21
-64
-39
-33
-80
-38
-7
-73
-64
-28
-17
-34
-22
-21
-22
-18
3
-8
10
25
42
-9
24
63
1
44
6
22
25
21
19
10
20
29
38
2
21
-21
-5
50
2
16
51
41
44
40
60
-63
-60
-88
-78
-5
-5
-95
-63
-28
-86
-28
-83
-8
-60
-58
-114
-19
-73
-52
-70
-39
-43
-9
-24
-28
-81
-78
-33
-51
-45
-38
-40
-68
-111
-97
-36
-27
-13
-57
-119
-67
-61
-64
-100
-88
-78
-48
-45
-112
-77
-87
-82
-95
-112
-59
-28
-57
-20
-85
-50
-63
-66
-84
-62
-79
-66
-91
-18
-51
-42
-70
-4
-29
-53
-51
-97
-114
-81
-105
-53
-75
-79
-30
-86
-143
-59
-57
-71
-109
-105
-92
-154
-102
-141
-178
-160
-62
-16
-44
-7
-31
-18
-30
-15
-23
-60
-73
-51
-14
-56
-48
-78
-40
-45
3
-9
-41
-34
-12
-44
-76
-35
-47
-44
-40
-35
-53
-38
-5
15
30
-54
26
13
26
28
23
19
-8
-1
-2
13
46
-14
-18
22
-6
12
-1
48
28
28
19
49
41
42
50
50
60
69
-71
-54
-29
-46
1
-49
-93
-68
-75
-87
-145
-75
-70
-63
-24
-74
-96
-92
-67
-125
-74
-28
-55
-67
-73
-122
-73
-119
-85
-94
-80
-119
-38
-22
-13
-35
13
7
-13
-24
-22
37
-15
-8
-27
-9
31
25
13
-27
5
14
-62
4
-5
7
0
35
12
-6
9
25
12
24
-91
-16
-16
-12
-43
-34
-62
-41
-21
-11
-19
-37
-120
4
-27
-29
-14
-78
-81
-43
-47
-47
-64
13
-36
-67
-2
-20
-12
-8
-8
1
-40
-95
-107
-19
-15
-149
-53
-22
-56
-34
-17
-98
-67
-50
-71
-36
-39
-53
-85
-41
-56
-49
-62
-74
-115
-47
-87
-88
-95
-102
-92
-87
-46
-93
-103
-101
-36
-16
-2
-66
-64
-31
-38
1
-46
-31
-50
-109
-67
-51
3
-72
-33
-41
-168
-136
-108
-74
-120
-97
-58
-171
-113
-120
-125
-28
-35
-29
-4
43
-34
-44
-10
-59
-63
-51
-44
-90
-76
-68
-13
-35
-36
-35
-12
-40
-92
-60
-47
-59
-112
-56
-59
-75
-78
-83
-140
-87
-41
-65
1
3
-40
-105
-35
-75
-92
-92
-47
-87
-76
-36
-48
-52
-44
-40
-24
-52
-48
-57
-10
-66
-112
-54
-66
-81
-76
-80
-98
-64
-138
-47
-28
12
-98
-39
-36
-72
-57
-58
-49
-103
-57
-73
-53
-79
-88
-86
-38
-85
-59
-92
-132
-86
-99
-163
-126
-140
-102
-135
-75
-82
-137
-90
-83
-69
-58
-65
-29
-32
-42
-72
-12
-70
-106
-27
-52
-107
2
-33
-54
-39
-39
-65
-79
-96
-100
-85
-175
-120
-129
-141
-94
-104
-56
-47
16
-39
-41
-113
16
-33
-42
-3
-15
-13
-29
13
-72
-84
-44
-47
11
-24
-46
-8
-6
-3
-13
-43
-9
-16
7
1
-87
-14
-45
7
27
-32
-3
-9
-45
-25
-50
-17
61
-3
-29
-26
-27
-27
-17
-83
-23
-9
-55
4
-13
-57
-26
-24
-8
15
4
11
-70
-53
-11
-23
-50
-16
-24
7
-51
-24
-50
-96
-80
-20
-109
-74
-54
-65
-97
-46
-66
-92
-77
-37
-37
-62
-68
-104
-117
-108
-123
-117
-69
-78
-62
-137
-4
-61
-20
31
-53
-76
-69
-68
-86
-84
-116
-74
-67
-69
-39
-114
-81
-68
-159
-95
-64
-56
-67
-149
-174
-143
-145
-153
-38
-18
-58
-66
-16
-57
-20
53
-7
-38
-32
-62
-31
-48
-37
-95
-40
-23
-61
-36
-24
-14
-43
-67
-43
-6
-35
-109
-56
-57
-59
-49
-56
-116
-36
-40
-45
3
-3
19
8
-32
-19
38
-31
32
-22
-24
-6
-28
2
-21
-28
15
-48
-11
-58
-5
-19
1
-31
-2
-5
9
35
58
-45
-4
-49
35
-16
20
29
-82
-85
-22
40
-42
-3
52
-24
9
-46
2
-16
43
-18
-24
-15
48
118
43
-57
-19
-70
-22
32
76
12
36
-57
79
36
-9
43
-41
-48
-9
7
2
-3
52
1
-3
-74
-23
-7
0
-10
-25
-6
34
112
36
-83
-75
-146
-95
-54
4
-25
-9
-63
-9
0
-20
-23
-30
-16
-49
-16
-61
-49
-9
-78
-90
-10
-7
-1
-40
10
-19
-25
-97
-52
-56
-42
-48
-26
-40
-77
-23
-77
-32
-82
-32
-60
-40
7
-59
-140
-80
-74
-78
-29
-34
-71
8
-51
26
-5
-26
-77
-78
-60
-68
-155
-138
-138
-208
-117
-249
-60
4
50
-10
-32
20
51
8
54
124
184
103
96
112
94
109
97
178
142
107
59
48
39
87
53
58
20
1
1
22
-1
-2
92
72
54
-24
-19
12
-18
31
93
251
211
160
162
205
167
117
141
197
182
215
145
151
162
147
124
107
119
50
11
8
-4
-25
232
229
192
196
174
168
213
195
176
225
183
282
227
247
242
260
218
197
272
199
237
209
215
239
214
241
247
256
262
276
269
276
221
181
194
125
163
182
162
167
172
202
227
229
256
215
155
204
167
238
145
198
222
166
214
230
202
220
212
189
208
202
222
207
213
242
186
204
192
200
195
210
251
186
288
273
288
266
216
218
247
275
232
244
265
259
263
231
202
251
270
257
264
282
270
276
253
212
211
183
186
176
193
195
218
182
254
251
271
233
231
243
226
273
219
239
185
209
216
202
244
255
237
243
232
240
242
255
212
158
92
97
61
104
139
111
100
162
163
211
132
132
196
186
157
148
116
127
139
126
136
111
174
99
159
149
163
154
159
171
194
90
108
59
-20
46
88
108
42
136
117
122
145
117
143
136
81
125
81
136
70
66
93
74
107
64
128
141
95
122
128
124
176
119
87
23
27
-26
45
49
50
74
36
138
79
127
24
77
42
37
65
45
52
-29
11
51
-14
2
19
47
-12
11
-9
4
120
190
138
149
135
117
152
169
107
161
179
113
147
151
147
146
152
176
139
156
139
140
167
173
131
173
179
191
207
207
207
216
127
68
108
104
104
91
70
97
113
122
72
80
84
111
92
105
65
31
91
114
61
94
76
115
105
117
112
123
132
150
143
157
81
-8
36
-57
-27
-18
11
-25
11
45
-20
34
-5
58
44
-19
-14
15
-23
30
-3
35
-59
-20
-54
5
27
-25
-26
16
20
18
126
94
87
51
55
64
62
48
56
73
104
82
111
83
91
56
125
75
94
61
53
75
100
58
84
74
101
117
124
127
142
130
130
129
99
111
53
119
118
111
108
121
83
133
133
115
128
138
119
125
104
114
103
129
109
139
121
152
128
172
159
179
175
183
16
18
8
-61
-53
-35
-39
-53
0
11
-39
15
24
-61
-7
7
10
-37
-2
41
24
-59
21
-36
-24
-21
2
-10
2
3
19
11
71
3
16
37
10
30
15
14
17
32
2
25
-3
20
5
36
30
28
23
63
-7
31
-7
69
41
25
-4
62
37
61
55
69
124
25
57
49
41
51
65
42
55
59
30
44
90
64
87
68
90
64
65
83
95
88
58
104
64
93
98
109
102
127
107
128
65
33
38
42
24
27
40
51
48
15
70
47
63
53
57
64
64
15
62
87
17
43
30
57
45
52
71
83
97
98
108
106
51
52
37
49
46
6
30
71
29
28
38
14
38
24
57
20
58
54
51
57
57
40
33
17
65
65
82
99
95
115
108
117
133
161
171
242
205
98
194
214
222
181
72
56
43
208
163
110
86
65
69
84
79
88
49
91
34
122
112
125
124
129
140
132
96
56
95
78
44
65
45
45
50
49
95
35
103
114
77
87
97
87
43
37
68
67
85
43
107
92
96
88
110
103
124
102
43
-36
-7
8
8
-34
-16
-18
-13
33
-64
-29
5
-2
1
-19
-34
-21
10
-14
-49
-29
-31
-74
20
-42
-11
-16
-34
-46
-30
-22
-36
-79
14
15
31
-34
-39
-35
-19
18
-4
-24
-13
-58
-17
-60
-45
-6
18
-60
-18
-54
-10
-10
-26
-13
2
-29
12
-28
-2
-22
0
7
12
5
19
-64
28
12
-6
10
5
-32
0
13
-21
32
14
-15
-12
19
3
11
-24
8
-2
15
33
35
52
41
50
40
67
50
75
74
44
80
62
63
61
105
67
31
61
81
72
117
72
62
87
92
72
88
73
83
52
92
86
101
93
131
101
128
3
7
-54
-122
-42
-70
-65
-55
-34
-44
-86
-66
-73
-83
15
3
-66
3
-52
-47
-69
-51
-25
-58
-60
-33
-69
-56
8
-22
-1
-6
-9
-22
-16
-13
-26
4
-23
-21
-30
-3
-1
-8
-36
-37
11
6
-20
7
-6
-23
-37
-19
10
-55
3
-27
36
26
33
44
39
40
52
25
58
19
29
56
31
45
36
33
64
42
19
41
75
56
76
47
34
58
56
60
84
74
43
84
80
84
101
109
106
113
-17
-115
-104
-66
-117
-117
-103
-57
-78
-124
-40
-57
-44
-30
-99
-69
-83
-25
-100
-102
-16
-76
-25
-114
-39
-23
-70
-138
-50
-93
-54
-75
-26
-22
-32
-83
-34
-65
-35
-50
-17
-29
-32
-13
-12
11
-20
-9
-95
35
-20
22
-29
-36
9
13
6
24
-14
14
-26
30
-1
23
-92
-100
-87
-74
-79
-67
-115
-51
-80
-125
-20
-70
-120
-41
-41
-82
-43
-82
-59
-97
9
-21
-18
-125
-41
-13
-82
-51
-58
-82
-87
-81
-123
-110
-88
-127
-88
-194
-137
-95
-107
-95
-96
-96
-108
-51
-94
-80
-95
-95
-13
-81
-110
-53
-65
-46
-89
-110
-99
-126
-97
-221
-243
-297
-120
-84
-108
-76
-97
-195
-158
-112
-108
-99
-152
-110
-94
-42
-77
-128
-44
-129
-90
-96
-96
-108
-51
-83
-77
-90
-115
-162
-156
-233
-200
-271
-79
-75
-26
-73
-61
-83
-56
-14
-104
-5
7
-38
-35
-62
-37
-14
-55
-51
-57
-8
-6
-60
-9
-55
-31
4
-29
-13
-41
-30
-45
-16
-130
-76
-98
-29
-82
-109
-57
-62
-47
-108
-138
-106
-45
-57
-121
-95
-51
-77
-98
-43
-118
-42
-94
-38
-37
-53
-32
-50
-71
-75
-87
-80
-82
-96
-99
-101
-104
-97
-122
-85
-81
-88
-17
-80
-98
-87
-105
-132
-49
-98
-40
-103
-83
-59
-123
-49
-59
-107
-114
-65
-103
-124
-104
-110
-26
-108
-79
-103
-62
-91
-149
-69
-125
-75
-108
-66
-80
-70
-86
-134
-123
-97
-135
-74
-103
-121
-88
-92
-68
-70
-122
-155
-145
-196
-191
-176
-34
10
-35
-8
-12
-17
41
-4
-39
1
-17
-2
15
4
8
-8
-6
9
-18
22
6
9
-8
7
-17
-4
2
19
40
27
6
40
-25
21
-28
-1
-11
-3
10
-14
3
-2
-37
-21
16
4
-47
8
19
58
5
10
-13
44
31
49
-18
52
23
46
8
53
35
55
-30
-56
-28
-57
-67
-30
-14
-107
-76
-94
-76
-67
-53
-44
-58
-54
-5
-24
-40
-55
-62
-33
-42
-27
-8
8
-37
-59
-35
-13
-25
-8
-44
-86
-106
-132
-146
-53
-35
-80
-85
-81
-106
-114
-146
-145
-79
-82
-42
-30
-86
-70
8
-52
-57
-32
-79
-83
-121
-113
-66
-138
-76
-137
-69
-116
-66
-46
-99
-83
-42
-46
-71
-10
-59
-55
-65
-48
-47
-47
-21
-29
7
-10
6
4
-80
-138
-17
-84
-39
-45
-35
-24
-19
-26
-119
-11
-67
-40
-89
-92
-64
-74
-36
-66
-49
-68
-55
-80
-37
-59
-59
-28
-26
22
-12
-68
11
-93
-73
-71
-68
-25
-29
-41
-40
-26
81
285
218
312
280
274
177
112
81
174
260
200
35
-25
10
46
107
45
-11
41
62
-22
141
85
76
-103
12
-39
-22
9
-51
-79
110
290
257
308
277
272
168
128
68
164
267
196
91
17
46
81
89
90
68
47
84
36
145
91
84
-6
12
31
37
28
32
46
-42
33
63
101
66
48
-35
-2
-26
18
41
80
-56
51
53
19
-15
9
-1
-3
-21
4
-28
45
4
-10
16
23
45
51
59
50
21
39
66
75
117
29
20
-30
16
-1
-14
-57
8
-2
-15
11
-20
9
-17
-26
-20
-40
-48
13
-44
-21
-18
2
14
25
5
20
-40
22
62
30
54
9
27
29
-8
20
14
53
-8
6
57
52
14
20
3
34
46
24
28
23
37
50
47
45
32
26
53
48
-26
-5
-8
-23
-9
-16
-4
85
20
27
55
8
34
-41
28
19
4
-26
-14
-9
-6
-35
11
13
10
-34
-27
3
-17
8
-39
-19
65
4
-76
-32
36
-43
-29
-25
1
-71
-2
-17
-1
-24
-23
-8
-19
-4
-71
-23
-31
-21
-65
-16
2
-23
6
6
27
21
33
13
71
47
45
45
6
35
67
42
81
51
60
71
40
62
72
96
65
70
79
74
67
75
79
85
65
83
74
113
105
110
111
128
-4
-68
-82
-25
-32
-105
-14
-24
-74
-67
-110
-70
-71
-41
-17
-100
-107
-145
-57
-58
-56
-67
-24
-49
-70
-103
-39
-70
5
-46
-25
-41
-30
-91
-92
-69
-80
-48
6
-43
-29
-80
-127
-52
-89
-141
-60
-145
-104
-133
-96
-149
-59
-110
-44
-102
-69
-64
-108
-103
-115
-114
-102
-114
-13
-16
-66
-31
-26
5
2
0
-2
-28
-29
-45
-22
7
-33
-31
24
-1
-1
-43
-15
-3
-1
-6
14
-6
-27
35
8
32
27
36
12
37
25
30
32
44
24
64
64
45
35
20
68
48
34
67
52
53
26
44
29
76
57
84
86
47
81
92
78
90
73
106
-12
-52
-62
-75
-20
-66
-38
-65
-59
-46
-53
-53
-75
-43
-69
-98
-61
-51
5
-57
8
-32
-59
-40
-29
-83
-19
-19
3
-38
-14
-19
-26
-4
19
-26
-25
13
36
-6
-1
5
-10
13
-8
-6
30
1
15
-20
39
15
-74
39
32
0
11
29
31
44
33
59
51
64
-40
-48
-16
-65
-103
-51
-83
-16
-5
-48
-37
-45
13
-8
-11
-18
-24
-45
-19
-14
-68
-5
-38
-18
-12
-20
-48
-25
-53
-28
-29
-12
-34
-86
-81
-71
-85
-23
-78
-24
-47
-94
-81
-73
-56
-64
-82
-44
-110
-35
-50
-17
-47
-43
-12
-42
-57
-21
-39
-45
-31
-34
-31
-21
-36
-89
-41
-96
-95
-30
-21
-114
-62
-94
-30
-49
-67
-71
-102
-90
-70
-35
-13
-57
-49
-71
-30
-70
0
-20
-6
-43
0
-24
-23
-26
-14
15
9
-15
-13
-6
12
0
-12
-8
-28
11
-11
22
8
47
4
32
3
12
4
32
39
37
21
26
-4
34
43
47
52
58
