0.0738964
0.0488445
-0.000924524
0.255598
0.0538218
0.390547
0.586962
1.03158
1.11444
2.03263
1.61538
1.48576
2.01339
2.40017
2.40038
2.05262
1.50674
1.63669
1.82398
1.87411
1.61396
1.22593
1.09406
1.75579
1.71208
1.55829
1.71667
1.48229
1.07879
0.943619
0.842099
0.814937
0.40797
0.861478
0.461428
0.164101
0.1641
0.860705
0.851761
0.513059
0.688707
1.01317
0.609282
0.625251
1.15756
1.24565
1.25464
1.15334
0.979918
0.814871
0.745581
0.294764
0.348847
0.134704
0.26054
0.243495
0.310515
0.444356
0.468905
0.284596
0.564227
0.529336
0.642693
0.620094
0.647227
1.30166
1.08907
1.05099
1.26629
1.80064
1.23731
1.5297
1.58676
1.53811
0.877207
1.0888
1.406
0.778772
0.813365
0.51675
0.681629
0.626168
0.53287
0.51504
0.586849
0.493559
0.596207
0.524111
0.692673
0.634575
0.763401
0.732313
0.952936
1.09243
1.23248
1.15522
0.715752
1.28142
1.46467
1.10594
1.17187
1.44995
1.96994
1.95841
2.04107
1.37627
1.09819
1.4517
1.7152
1.83365
1.18552
0.70887
0.479785
0.59059
0.394511
0.62247
0.243505
0.384465
0.535614
0.454306
0.694297
0.598529
0.670117
0.778493
0.954817
0.967478
1.08652
1.07673
0.659232
0.918112
0.761973
0.585362
0.688923
0.671978
0.684429
1.04901
0.657542
0.503643
0.620688
0.737665
0.422642
0.320678
0.306303
0.405722
0.448013
0.523022
0.261114
0.440485
0.490611
0.586139
0.615853
0.573037
0.565764
0.642526
0.803254
0.887868
0.958575
1.15713
1.16705
1.25382
0.600479
0.949356
0.814245
0.679446
0.979632
0.996358
0.627856
0.739859
0.801737
0.436975
0.737203
0.758649
0.542936
0.383712
0.499245
0.585514
0.709455
0.544243
0.563583
0.518607
0.547823
0.699867
0.742999
0.759353
0.827671
0.743764
0.964011
1.03319
1.16804
1.25997
1.35874
1.33212
-0.382776
-0.323741
-0.617498
-0.523759
-0.411809
-0.142931
-0.0747738
-0.0791523
-0.0326274
0.0441137
-0.326717
-0.135709
0.237856
0.649633
0.972576
0.912085
0.525413
1.07525
1.1673
1.07012
0.822169
0.397291
0.268754
0.772276
0.43136
0.302853
0.389016
0.0397846
-0.0555756
-0.260704
-0.41481
-0.340644
-0.0974487
-0.384878
-0.513033
-0.539636
-0.554079
-0.559203
-0.261813
-0.483375
-0.7057
-0.449402
-0.563574
-0.447014
-0.834855
-0.160896
-0.00226714
-0.0685239
-0.49209
-0.384566
-0.324397
-0.197611
-0.253005
-0.237516
-0.360703
-0.583225
-0.589718
-0.44564
-0.67166
-0.398119
-0.348304
-0.636177
-0.535286
-0.681702
-0.532115
-1.07001
-0.905133
-0.766536
-0.709492
-0.967411
-0.922988
-0.967152
-1.12308
-1.09205
-0.7224
-0.71371
-0.977453
-1.03232
-0.841449
-0.762219
-0.574523
-0.931089
-0.811619
-0.575195
-0.476114
-0.528393
-0.509484
-0.417495
-0.848735
-0.752254
-0.745384
-0.793731
-0.75321
-0.806824
-0.848916
-0.839022
-0.499688
-1.12935
-0.708206
-0.812156
-0.895757
-0.880373
-0.67236
-0.697077
-1.03483
-0.752512
-0.59937
-0.633349
-0.737361
-0.932109
-0.983274
-0.617964
-0.701863
-0.77875
-0.841907
-0.491095
-0.566519
-0.492407
-0.446823
-0.496143
-0.582018
-0.363048
-0.554283
-0.558184
-0.646186
-0.686417
-0.644788
-0.678425
-0.697608
-1.0835
-0.973837
-0.716279
-0.641242
-0.833291
-0.595436
-0.635116
-0.904906
-0.991335
-0.588148
-0.740762
-0.780447
-0.736994
-0.741082
-0.725572
-0.586693
-0.499747
-0.413104
-0.596515
-0.533772
-0.515248
-0.464739
-0.689183
-0.74666
-0.522469
-0.814908
-0.639712
-0.788524
-0.862033
-0.951383
-1.05941
-0.604771
-1.18881
-0.855574
-0.857442
-0.826358
-0.603935
-0.535278
-0.644419
-0.94304
-0.911378
-0.724145
-0.954528
-0.86335
-0.520129
-0.901693
-1.00163
-0.857492
-0.668064
-0.641855
-0.655092
-0.793484
-0.638448
-0.6318
-0.466893
-0.767099
-0.866294
-0.94492
-1.10033
-0.9373
-1.00549
-1.12269
-1.23368
-0.496787
-1.09076
-0.890122
-0.750499
-0.761167
-0.422582
-0.613546
-0.751022
-0.737225
-1.12722
-0.786107
-0.791392
-0.783891
-0.82462
-1.02946
-0.801221
-0.59575
-0.481008
-0.595399
-0.704894
-0.590553
-0.567841
-0.41618
-0.627624
-0.7846
-0.506623
-0.699837
-0.65233
-0.736563
-0.583465
-0.703521
-0.698453
-0.704245
-0.976118
-0.745423
-0.724537
-0.673782
-0.645303
-0.757358
-0.868861
-0.862107
-1.02245
-0.796344
-0.985565
-0.955391
-1.22829
-0.8601
-0.886334
-0.680596
-0.799758
-0.817465
-0.66763
-0.500243
-0.668466
-0.665674
-1.03536
-0.5889
-0.645686
-0.799011
-0.984436
-1.03555
-0.991044
-0.990158
-0.861691
-0.257391
-0.509336
-0.40787
-0.377241
-0.523202
-0.803427
-0.844742
-0.777873
-0.634763
-1.00383
-0.640997
-0.434048
-0.823644
-0.898466
-0.861236
-0.881506
-0.473244
-0.704741
-0.331589
-0.651704
-0.394257
-0.375825
-0.326337
-0.677331
-0.539322
-0.362758
-0.477782
-0.568406
-0.647429
-0.68123
-0.599979
-0.685364
0.540799
0.773192
0.852978
0.875469
0.17264
-0.14537
-0.158718
-0.146967
-0.0573066
-0.012928
0.0844721
-0.13322
-0.19348
-0.0663578
-0.173852
0.137678
0.137876
-0.0319351
-0.142868
-0.105276
-0.00904056
0.048341
0.0945143
0.122963
0.218619
-0.1259
0.116905
0.0162344
0.129876
0.289343
0.195251
0.371592
0.57351
0.957182
1.43218
1.59525
1.32852
0.316921
0.304473
0.221134
0.684264
0.75339
0.393007
0.509211
0.590111
0.195239
0.289897
0.538678
0.423337
0.34913
0.376792
0.35893
0.285686
0.448533
0.397482
0.568547
0.578993
0.509594
0.663654
0.868766
0.693303
0.862358
0.828064
0.967068
0.244668
0.568034
0.436132
0.460601
0.803073
0.119172
0.0466396
-0.0907472
0.124964
0.455152
0.284478
0.076943
0.095937
-0.0806221
-0.0190433
0.00348901
0.110143
-0.0157022
-0.166336
-0.0877558
-0.170294
0.0442105
0.0658465
-0.0280681
-0.0104311
-0.119748
0.137725
0.336188
0.329925
0.381024
0.445976
0.462436
0.126479
0.42975
-0.250176
-0.196009
-0.10927
-0.0264803
-0.284863
-0.128461
-0.0548097
-0.280657
-0.164195
-0.435723
-0.40289
-0.564841
-0.665627
-0.617973
-0.517416
-0.494068
-0.443474
-0.521754
-0.163159
-0.188444
-0.368999
-0.279506
-0.248718
-0.341955
-0.491316
-0.429027
-0.39418
-0.449974
-0.46248
-0.553959
-0.317183
-0.332517
-0.44488
-0.508669
-0.522717
-0.575972
-0.587498
-0.772534
-0.609089
-0.509693
-0.407911
-0.328963
-0.828868
-0.761855
-0.642843
-0.651806
-0.522646
-0.370538
-0.33572
-0.440005
-0.489012
-0.250457
-0.481134
-0.473059
-0.325768
-0.382109
-0.494553
-0.335455
-0.487669
-0.519322
-0.524856
-0.421662
