-67
-79
-43
-40
-54
-41
-44
-70
-73
-37
-114
-136
-36
-86
-111
-79
-23
-76
-74
-44
-56
-89
-77
-80
-51
-70
-74
-80
-63
-39
-63
-60
-11
-3
4
6
6
-45
-31
-31
-64
-19
-14
-22
-11
-47
30
-16
-23
-59
-44
1
-22
26
-32
19
-8
17
-6
12
3
27
5
27
-13
-13
9
-44
-26
7
-8
8
-9
6
-20
-23
-21
-3
6
-24
47
-1
21
-4
1
-7
-19
41
-1
21
30
29
42
44
38
56
-44
-57
-60
-60
-35
-69
-86
-53
-60
-43
-45
-80
-131
-58
-93
-38
-48
-81
-161
-126
-83
-51
-56
-75
-24
-61
-73
-73
-86
-75
-64
-75
2
-36
-11
-10
-76
-35
-24
-17
-58
-31
-66
-51
-68
-91
-62
-55
-33
-39
-23
-49
-36
-6
4
-66
-45
-8
-75
-11
-30
-14
-14
-2
-34
-33
14
-4
-29
-21
-18
-37
-8
-42
-33
-37
-112
-78
-22
-14
-34
-29
-46
-34
-20
-59
-61
-104
-35
-33
-54
-24
-37
-14
-32
-17
5
39
98
173
166
146
97
129
90
36
60
96
69
43
56
-16
-22
6
24
-69
27
-39
-69
-42
-23
-36
-42
-32
-75
-9
-48
-36
31
99
116
177
146
139
109
131
77
67
89
80
106
91
39
51
56
72
73
35
40
57
66
54
52
50
62
70
105
87
117
85
-1
14
46
41
8
16
-6
-60
-25
-37
-30
2
11
-52
-32
-6
4
22
-8
-9
27
2
-16
4
5
-4
5
23
24
19
27
18
-48
6
5
-16
-31
-26
-52
-96
-54
-42
-56
-28
-22
-39
-29
-29
-16
-105
-60
-53
-25
-3
15
-5
-56
-28
-32
-32
-22
-45
-7
-17
-63
-59
-49
-27
5
-9
-57
-85
-31
-145
-31
-84
-35
-62
-85
-85
-59
-72
-29
-50
-49
-52
-7
-64
-26
-37
-63
-36
-87
-96
-72
-58
-31
-70
14
-64
-86
-51
-33
-72
-68
-95
-94
-68
-57
-62
-45
-102
-87
-4
-15
-85
-48
-77
-48
-53
-31
-73
-79
-93
-70
-101
-128
-121
-77
-42
-103
-39
-24
-8
-9
-55
-66
-61
-39
-52
-87
-55
-70
-48
0
-104
-22
-42
12
-18
-67
-69
-66
-64
-76
-138
-84
-90
-88
-101
-11
-88
-79
-83
-44
-78
8
-38
-87
-89
-5
-100
-48
-12
-62
-38
-47
22
-63
-39
-33
-79
-37
-6
-73
-63
-27
-16
-33
-21
-20
-21
-17
4
-7
10
25
43
-9
24
63
2
45
8
23
26
22
20
11
21
30
38
2
22
-20
-4
50
3
17
52
42
45
41
61
-62
-59
-87
-78
-5
-4
-95
-63
-28
-85
-27
-81
-7
-59
-57
-113
-18
-72
-51
-70
-39
-42
-8
-23
-28
-80
-77
-32
-50
-44
-37
-39
-67
-110
-96
-36
-27
-12
-57
-119
-67
-60
-63
-98
-87
-77
-47
-44
-111
-76
-86
-82
-95
-111
-58
-27
-57
-19
-84
-49
-62
-65
-83
-61
-78
-65
-90
-18
-51
-41
-70
-4
-29
-52
-50
-95
-113
-80
-104
-52
-74
-78
-29
-86
-143
-58
-56
-70
-109
-104
-91
-153
-101
-140
-177
-159
-61
-15
-43
-7
-31
-17
-30
-15
-23
-59
-72
-49
-13
-55
-47
-77
-39
-44
4
-9
-41
-33
-11
-43
-76
-34
-46
-43
-39
-34
-52
-37
-4
16
31
-54
26
14
26
28
23
20
-7
1
-1
14
47
-13
-17
23
-5
12
-1
49
29
29
19
50
42
43
51
51
61
70
-70
-53
-28
-46
1
-48
-93
-68
-75
-86
-144
-73
-69
-62
-23
-73
-95
-91
-66
-125
-74
-27
-54
-66
-73
-121
-72
-118
-84
-93
-79
-118
-37
-21
-12
-35
13
8
-13
-24
-22
38
-14
-6
-26
-8
32
26
14
-26
6
14
-62
5
-4
8
0
36
13
-5
10
26
13
25
-90
-15
-15
-12
-43
-33
-62
-41
-21
-10
-18
-35
-119
5
-26
-28
-13
-77
-80
-43
-47
-46
-63
14
-36
-66
-1
-19
-11
-7
-7
2
-39
-94
-106
-19
-15
-148
-53
-22
-56
-33
-16
-96
-66
-49
-70
-35
-38
-52
-84
-41
-56
-48
-61
-73
-115
-46
-86
-87
-94
-101
-91
-86
-45
-92
-102
-101
-36
-15
-2
-66
-64
-30
-37
3
-45
-30
-49
-108
-66
-50
4
-72
-33
-40
-167
-135
-108
-73
-119
-96
-57
-170
-112
-119
-124
-27
-34
-29
-4
44
-34
-44
-10
-58
-62
-49
-43
-89
-75
-67
-12
-34
-35
-35
-12
-39
-91
-59
-47
-58
-111
-55
-58
-74
-77
-82
-139
-86
-40
-65
1
4
-40
-105
-35
-74
-91
-90
-46
-86
-75
-35
-47
-51
-43
-40
-24
-51
-47
-56
-10
-65
-111
-53
-65
-80
-75
-79
-97
-63
-137
-47
-28
13
-98
-39
-36
-71
-56
-56
-48
-102
-56
-72
-52
-78
-87
-86
-38
-84
-58
-91
-132
-85
-98
-162
-125
-139
-101
-134
-74
-81
-136
-90
-83
-68
-58
-65
-29
-31
-41
-70
-11
-69
-105
-26
-51
-106
3
-33
-54
-38
-38
-64
-79
-95
-99
-84
-174
-119
-128
-140
-93
-103
-55
-47
16
-38
-41
-113
16
-32
-41
-1
-14
-12
-28
14
-71
-83
-43
-47
11
-23
-45
-7
-6
-2
-12
-42
-8
-15
8
2
-86
-13
-44
7
27
-31
-3
-9
-45
-24
-49
-15
62
-2
-28
-25
-26
-26
-16
-83
-23
-8
-54
5
-13
-56
-25
-23
-7
16
5
12
-69
-52
-10
-23
-50
-15
-24
7
-51
-23
-49
-94
-79
-19
-108
-73
-53
-64
-96
-46
-66
-91
-76
-36
-37
-61
-67
-103
-116
-107
-122
-116
-68
-77
-61
-137
-4
-60
-20
31
-53
-75
-68
-66
-85
-83
-115
-73
-66
-68
-38
-114
-81
-67
-158
-94
-64
-55
-66
-148
-173
-142
-144
-152
-37
-17
-57
-66
-16
-56
-20
53
-7
-37
-31
-60
-30
-47
-36
-94
-39
-22
-60
-36
-24
-13
-42
-66
-43
-5
-34
-108
-55
-56
-58
-48
-55
-115
-35
-40
-45
4
-3
19
8
-31
-18
40
-30
33
-21
-23
-5
-27
3
-21
-28
16
-47
-10
-58
-4
-18
2
-30
-1
-4
10
36
59
-44
-4
-49
36
-16
20
29
-81
-84
-20
41
-41
-2
53
-23
10
-45
2
-16
44
-17
-23
-15
49
119
44
-56
-18
-69
-21
33
77
13
36
-57
80
36
-9
43
-40
-47
-7
8
3
-2
53
2
-2
-73
-23
-7
1
-9
-24
-6
35
113
37
-82
-74
-145
-94
-53
5
-24
-9
-63
-8
0
-20
-23
-29
-15
-47
-15
-60
-48
-8
-77
-89
-9
-7
-1
-39
11
-18
-25
-96
-51
-55
-41
-47
-25
-39
-76
-22
-76
-32
-82
-31
-60
-40
7
-58
-139
-78
-73
-77
-28
-33
-70
9
-50
26
-5
-25
-76
-77
-60
-67
-154
-137
-137
-207
-116
-248
-59
5
51
-10
-32
21
51
8
54
125
185
105
97
113
95
110
98
179
143
107
59
49
40
88
53
59
21
2
2
23
0
-1
93
73
55
-24
-19
13
-18
31
93
252
212
162
163
206
168
118
142
198
183
215
145
152
163
148
124
108
120
51
12
9
-3
-24
233
230
193
196
174
169
213
195
176
226
184
284
228
248
243
261
219
198
273
199
237
210
216
240
214
242
248
257
263
277
270
277
222
182
195
125
163
183
162
167
172
203
228
231
257
216
156
205
168
239
146
198
222
167
215
231
202
221
213
190
209
203
223
208
214
243
187
204
192
201
195
210
251
187
289
275
289
267
217
219
248
276
233
244
265
260
264
232
202
252
271
258
265
283
271
277
254
213
212
183
186
177
193
195
218
183
255
253
272
234
232
244
227
274
220
239
185
210
217
203
244
256
238
244
233
241
243
256
213
159
93
97
61
105
139
111
100
163
164
213
133
133
197
187
158
149
117
127
139
127
137
112
174
100
160
150
164
155
160
172
195
91
109
59
-20
47
88
108
42
137
118
124
146
118
144
137
82
126
82
136
70
67
94
75
107
65
129
142
96
123
129
125
177
120
88
23
27
-25
45
49
50
75
37
140
80
128
25
78
43
38
66
45
52
-28
12
52
-14
3
20
48
-11
12
-8
5
121
191
139
149
135
118
152
169
107
162
180
115
148
152
148
147
153
177
140
156
139
141
168
174
131
174
180
192
208
208
208
217
128
69
109
104
104
92
70
97
113
123
73
82
85
112
93
106
66
32
92
114
61
95
77
116
105
118
113
124
133
151
144
158
82
-7
37
-57
-27
-17
11
-25
11
46
-19
36
-4
59
45
-18
-13
16
-22
30
-3
36
-58
-19
-54
6
28
-24
-25
17
21
19
127
95
88
51
55
65
62
48
56
74
105
84
112
84
92
57
126
76
95
61
53
76
101
59
84
75
102
118
125
128
143
131
131
130
100
111
53
120
118
111
108
122
84
135
134
116
129
139
120
126
105
114
103
130
110
140
121
153
129
173
160
180
176
184
17
19
9
-61
-53
-34
-39
-53
0
12
-38
17
25
-60
-6
8
11
-36
-1
41
24
-58
22
-35
-24
-20
3
-9
3
4
20
12
72
4
17
37
10
31
15
14
17
33
3
27
-2
21
6
37
31
29
24
63
-7
32
-6
70
41
26
-3
63
38
62
56
70
125
26
58
49
41
52
65
42
55
60
31
46
91
65
88
69
91
65
66
83
95
89
59
105
64
94
99
110
103
128
108
129
66
34
39
42
24
28
40
51
48
16
71
49
64
54
58
65
65
16
63
87
17
44
31
58
45
53
72
84
98
99
109
107
52
53
38
49
46
7
30
71
29
29
39
16
39
25
58
21
59
55
52
57
57
41
34
18
65
66
83
100
96
116
109
118
134
162
172
242
205
99
194
214
222
182
73
58
44
209
164
111
87
66
70
84
79
89
50
92
34
123
113
126
125
130
141
133
97
57
96
78
44
66
45
45
50
50
96
37
104
115
78
88
98
88
44
37
68
68
86
44
107
93
97
89
111
104
125
103
44
-35
-6
8
8
-33
-16
-18
-13
34
-63
-27
6
-1
2
-18
-33
-20
11
-14
-49
-28
-30
-73
20
-41
-10
-15
-33
-45
-29
-21
-35
-78
15
15
31
-33
-39
-35
-19
19
-3
-22
-12
-57
-16
-59
-44
-5
19
-60
-18
-53
-9
-9
-26
-12
3
-28
13
-27
-1
-21
1
8
13
5
19
-63
28
12
-6
11
6
-30
1
14
-20
33
15
-14
-11
19
3
12
-23
9
-2
16
34
36
53
42
51
41
68
51
76
74
44
81
62
63
61
106
68
33
62
82
73
118
73
63
88
92
72
89
74
84
52
93
87
102
94
132
102
129
4
8
-53
-122
-42
-69
-65
-55
-34
-43
-85
-64
-72
-82
16
4
-65
4
-51
-47
-69
-50
-24
-57
-60
-32
-68
-55
9
-21
0
-5
-8
-21
-15
-13
-26
5
-23
-21
-30
-2
0
-6
-35
-36
12
7
-19
8
-5
-23
-37
-18
11
-54
3
-26
37
27
34
45
40
41
53
26
59
19
29
57
31
45
36
34
65
44
20
42
76
57
77
48
35
58
56
61
85
75
43
85
81
85
102
110
107
114
-16
-114
-103
-66
-117
-116
-103
-57
-78
-123
-39
-55
-43
-29
-98
-68
-82
-24
-99
-102
-16
-75
-24
-113
-39
-22
-69
-137
-49
-92
-53
-74
-25
-21
-31
-83
-34
-64
-35
-50
-17
-28
-31
-11
-11
12
-19
-8
-94
36
-19
22
-29
-35
10
14
6
25
-13
15
-25
31
0
24
-91
-99
-86
-74
-79
-66
-115
-51
-80
-124
-19
-68
-119
-40
-40
-81
-42
-81
-58
-97
9
-20
-17
-124
-41
-12
-81
-50
-57
-81
-86
-80
-122
-109
-87
-127
-88
-193
-137
-95
-107
-94
-95
-94
-107
-50
-93
-79
-94
-94
-12
-81
-110
-52
-64
-45
-89
-109
-98
-125
-96
-220
-242
-296
-119
-83
-107
-76
-97
-194
-158
-112
-108
-98
-151
-108
-93
-41
-76
-127
-43
-128
-89
-96
-96
-107
-50
-82
-77
-89
-114
-161
-155
-232
-199
-270
-78
-74
-25
-73
-61
-82
-56
-14
-104
-4
8
-36
-34
-61
-36
-13
-54
-50
-56
-8
-6
-59
-8
-54
-31
5
-28
-12
-40
-29
-44
-15
-129
-75
-97
-29
-82
-108
-57
-62
-47
-107
-137
-104
-44
-56
-120
-94
-50
-76
-97
-43
-118
-41
-93
-37
-37
-52
-31
-49
-70
-74
-86
-79
-81
-95
-98
-101
-104
-96
-122
-85
-81
-87
-16
-78
-97
-86
-104
-131
-48
-97
-39
-103
-83
-58
-122
-48
-59
-106
-113
-64
-102
-123
-103
-109
-25
-107
-78
-103
-62
-90
-149
-69
-125
-74
-107
-64
-79
-69
-85
-133
-122
-96
-134
-74
-103
-120
-87
-91
-68
-69
-121
-154
-144
-195
-190
-175
-33
11
-34
-8
-12
-16
41
-4
-39
2
-16
0
16
5
9
-7
-5
10
-17
22
6
10
-7
8
-17
-3
3
20
41
28
7
41
-24
22
-27
-1
-11
-2
10
-14
3
-1
-36
-19
17
5
-46
9
20
59
6
10
-13
45
32
50
-18
53
24
47
9
54
36
56
-29
-55
-27
-57
-67
-29
-14
-107
-76
-93
-75
-65
-52
-43
-57
-53
-4
-23
-39
-55
-62
-32
-41
-26
-8
9
-36
-58
-34
-12
-24
-7
-43
-85
-105
-132
-146
-52
-35
-80
-85
-80
-105
-112
-145
-144
-78
-81
-41
-29
-85
-70
8
-51
-56
-31
-79
-82
-120
-112
-65
-137
-75
-136
-68
-115
-65
-46
-99
-82
-42
-46
-71
-9
-58
-53
-64
-47
-46
-46
-20
-28
8
-10
6
5
-79
-137
-17
-83
-38
-44
-34
-23
-18
-25
-118
-10
-66
-40
-89
-91
-64
-74
-36
-65
-48
-66
-54
-79
-36
-58
-58
-27
-25
22
-12
-67
12
-92
-73
-70
-67
-24
-28
-40
-39
-25
82
286
219
312
280
275
177
112
81
175
261
202
36
-24
11
47
108
46
-10
41
62
-21
142
86
76
-102
13
-38
-21
10
-50
-78
111
291
258
308
277
273
168
128
68
165
268
198
92
18
47
82
90
91
69
47
84
37
146
92
84
-5
13
32
38
29
33
47
-41
34
64
101
66
49
-35
-2
-26
19
42
82
-55
52
54
20
-14
10
0
-3
-21
5
-27
46
4
-9
17
24
46
52
60
51
22
40
67
75
117
30
20
-30
16
0
-13
-55
9
-1
-14
12
-19
10
-16
-26
-20
-39
-47
14
-44
-20
-17
3
15
26
6
21
-39
23
63
30
54
10
27
29
-8
21
15
55
-7
7
58
53
15
21
4
34
46
25
29
24
37
51
48
46
33
27
54
49
-25
-4
-7
-23
-9
-15
-4
85
20
28
56
10
35
-40
29
20
5
-25
-13
-9
-6
-34
12
14
10
-33
-26
4
-16
9
-38
-18
66
5
-75
-32
36
-42
-29
-25
1
-70
-1
-15
0
-23
-22
-7
-18
-3
-70
-23
-31
-20
-64
-15
2
-22
7
7
28
22
34
14
72
48
46
45
6
36
67
42
81
52
61
73
41
63
73
97
66
71
80
74
67
76
80
86
65
84
75
114
106
111
112
129
-3
-67
-81
-25
-32
-104
-14
-24
-74
-66
-109
-68
-70
-40
-16
-99
-106
-144
-56
-58
-56
-66
-23
-48
-70
-102
-38
-69
6
-45
-24
-40
-29
-90
-91
-69
-80
-47
6
-43
-29
-79
-126
-50
-88
-140
-59
-144
-103
-132
-95
-149
-59
-109
-43
-101
-69
-63
-107
-102
-114
-113
-101
-113
-12
-15
-65
-31
-26
6
2
0
-2
-27
-28
-43
-21
8
-32
-30
25
0
0
-43
-15
-2
0
-5
14
-5
-26
36
9
33
28
37
13
38
26
30
32
45
24
64
64
46
36
22
69
49
35
68
53
54
27
44
29
77
58
85
86
48
82
93
79
91
74
107
-11
-51
-61
-75
-20
-65
-38
-65
-59
-45
-52
-51
-74
-42
-68
-97
-60
-50
6
-57
8
-31
-58
-39
-29
-82
-18
-18
4
-37
-13
-18
-25
-3
20
-26
-25
14
36
-6
-1
6
-9
15
-7
-5
31
2
16
-19
40
15
-74
40
33
1
11
30
32
45
34
60
52
65
-39
-47
-15
-65
-103
-50
-83
-16
-5
-47
-36
-43
14
-7
-10
-17
-23
-44
-18
-14
-68
-4
-37
-17
-12
-19
-47
-24
-52
-27
-28
-11
-33
-85
-80
-71
-85
-22
-78
-24
-47
-93
-80
-71
-55
-63
-81
-43
-109
-34
-49
-17
-47
-42
-11
-41
-57
-20
-38
-44
-30
-33
-30
-20
-35
-88
-40
-96
-95
-29
-21
-114
-62
-93
-29
-47
-66
-70
-101
-89
-69
-34
-12
-57
-49
-70
-29
-69
0
-19
-5
-42
1
-23
-22
-25
