-44
-58
-59
-60
-34
-69
-85
-53
-60
-43
-45
-81
-131
-58
-93
-38
-48
-82
-161
-126
-82
-51
-57
-75
-24
-61
-73
-73
-86
-74
-64
-75
2
-37
-10
-10
-75
-35
-23
-17
-58
-31
-66
-52
-68
-91
-62
-55
-33
-40
-23
-49
-35
-6
3
-66
-45
-8
-75
-11
-30
-13
-14
-2
-34
-34
15
-4
-28
-21
-17
-37
-8
-42
-33
-38
-112
-78
-22
-14
-34
-30
-46
-34
-19
-59
-62
-104
-35
-33
-54
-24
-37
-13
-32
-17
5
38
99
173
167
146
98
129
90
36
60
95
69
43
56
-16
-22
5
24
-69
28
-39
-70
-42
-23
-36
-42
-32
-75
-8
-48
-36
31
98
117
177
147
139
110
131
77
67
89
79
106
91
39
51
56
71
73
35
41
57
65
54
52
50
62
70
105
88
117
85
-1
13
47
41
9
16
-5
-60
-25
-37
-30
1
11
-52
-32
-6
4
21
-8
-9
28
2
-17
4
5
-4
5
23
24
20
27
18
-48
5
6
-16
-30
-26
-51
-96
-54
-42
-56
-29
-22
-39
-29
-29
-16
-106
-60
-53
-24
-3
14
-5
-56
-28
-32
-32
-22
-44
-7
-17
-63
-60
-48
-27
6
-9
-56
-85
-31
-145
-31
-85
-35
-62
-85
-85
-59
-73
-29
-50
-48
-52
-8
-64
-26
-37
-63
-36
-87
-95
-72
-58
-31
-71
15
-64
-85
-51
-32
-72
-68
-95
-94
-69
-57
-62
-45
-102
-87
-5
-15
-85
-47
-77
-49
-53
-31
-73
-79
-93
-70
-100
-128
-121
-77
-43
-102
-39
-23
-8
-8
-55
-66
-61
-39
-53
-87
-55
-70
-48
0
-105
-22
-42
13
-18
-68
-69
-66
-64
-76
-138
-84
-89
-88
-101
-11
-89
-78
-83
-43
-78
9
-38
-87
-89
-5
-101
-48
-12
-62
-38
-47
21
-63
-39
-32
-79
-38
-6
-73
-63
-27
-16
-33
-20
-20
-21
-17
3
-6
10
26
43
-8
24
63
2
45
7
23
26
22
20
11
20
30
38
3
22
-21
-4
50
3
17
52
42
46
41
61
-62
-60
-86
-78
-4
-4
-94
-63
-28
-85
-27
-82
-7
-59
-57
-113
-18
-73
-51
-70
-38
-42
-9
-23
-28
-80
-77
-32
-50
-43
-37
-39
-67
-111
-95
-36
-26
-12
-56
-119
-67
-60
-63
-99
-87
-77
-47
-44
-111
-77
-86
-82
-94
-111
-59
-27
-57
-19
-84
-49
-62
-64
-83
-61
-78
-66
-89
-18
-50
-41
-69
-4
-29
-52
-50
-96
-113
-80
-104
-52
-74
-79
-29
-86
-142
-58
-57
-70
-109
-104
-91
-153
-101
-139
-177
-159
-61
-16
-42
-7
-30
-17
-29
-15
-23
-59
-72
-50
-13
-55
-47
-77
-39
-45
4
-9
-40
-33
-12
-43
-76
-34
-46
-43
-39
-33
-52
-37
-4
15
32
-54
27
14
27
28
23
20
-7
0
-1
14
47
-13
-17
22
-5
12
0
49
28
29
19
50
42
43
51
52
61
70
-70
-54
-27
-46
2
-48
-92
-68
-75
-86
-144
-74
-69
-62
-23
-73
-95
-92
-66
-125
-73
-27
-55
-66
-73
-121
-72
-118
-84
-92
-79
-118
-37
-22
-11
-35
14
8
-12
-24
-22
38
-14
-7
-26
-8
32
26
14
-27
6
14
-61
5
-5
8
0
36
13
-5
10
27
13
25
-90
-16
-14
-12
-42
-33
-61
-41
-21
-10
-18
-36
-119
5
-26
-28
-13
-78
-80
-43
-46
-46
-64
14
-36
-66
-1
-19
-11
-6
-7
2
-39
-95
-105
-19
-14
-148
-52
-22
-56
-33
-16
-97
-66
-49
-70
-35
-38
-53
-84
-41
-55
-48
-62
-73
-115
-46
-86
-87
-94
-100
-91
-86
-45
-93
-101
-101
-35
-15
-1
-66
-64
-30
-37
2
-45
-30
-49
-108
-66
-51
4
-72
-32
-40
-168
-135
-108
-73
-119
-96
-57
-169
-112
-119
-124
-28
-33
-29
-3
44
-33
-44
-10
-58
-62
-50
-43
-89
-75
-67
-12
-35
-35
-35
-11
-39
-92
-59
-47
-58
-111
-55
-58
-73
-77
-82
-139
-87
-39
-65
2
4
-39
-105
-35
-74
-91
-91
-46
-86
-75
-35
-47
-52
-43
-40
-23
-51
-48
-56
-10
-65
-111
-53
-65
-79
-75
-79
-97
-64
-136
-47
-27
13
-97
-39
-36
-71
-56
-57
-48
-102
-56
-72
-52
-79
-87
-86
-37
-84
-59
-91
-132
-85
-98
-162
-125
-138
-101
-134
-74
-82
-135
-90
-82
-68
-57
-65
-29
-31
-41
-71
-11
-69
-105
-26
-51
-107
3
-33
-53
-38
-39
-64
-79
-95
-99
-84
-174
-118
-128
-140
-93
-104
-54
-47
17
-38
-40
-113
16
-32
-41
-2
-14
-12
-28
14
-71
-84
-43
-47
12
-23
-46
-7
-6
-2
-12
-42
-8
-14
8
2
-86
-14
-43
7
28
-31
-2
-9
-45
-24
-49
-16
62
-2
-28
-25
-26
-27
-16
-83
-22
-8
-55
5
-13
-56
-25
-23
-7
17
5
12
-69
-53
-9
-23
-49
-15
-23
7
-51
-23
-49
-95
-79
-19
-108
-73
-53
-65
-96
-46
-65
-91
-77
-36
-37
-61
-67
-103
-116
-106
-122
-116
-68
-78
-60
-137
-3
-60
-19
31
-53
-75
-68
-67
-85
-83
-115
-73
-66
-69
-38
-114
-80
-67
-159
-94
-64
-55
-66
-148
-173
-141
-144
-152
-37
-18
-56
-66
-15
-56
-19
53
-7
-37
-31
-61
-30
-47
-36
-94
-39
-23
-60
-36
-23
-13
-43
-66
-43
-5
-34
-108
-55
-55
-58
-48
-55
-116
-34
-40
-44
4
-2
19
8
-31
-18
39
-30
33
-21
-23
-5
-28
3
-21
-27
16
-48
-10
-58
-4
-18
2
-30
0
-4
10
36
58
-43
-4
-48
36
-15
20
29
-81
-84
-21
41
-41
-2
53
-23
9
-45
2
-15
44
-18
-23
-15
49
119
44
-56
-17
-69
-21
33
76
14
36
-56
80
37
-9
43
-40
-47
-8
8
3
-2
53
2
-3
-73
-23
-6
1
-10
-24
-6
35
113
37
-82
-73
-145
-94
-53
4
-23
-9
-62
-8
1
-20
-23
-29
-15
-48
-15
-60
-48
-8
-77
-90
-9
-7
0
-39
10
-18
-25
-96
-51
-55
-41
-46
-25
-39
-76
-23
-75
-32
-81
-31
-59
-40
7
-58
-139
-79
-73
-77
-28
-33
-70
8
-50
26
-4
-25
-77
-77
-60
-67
-154
-137
-137
-206
-116
-248
-59
4
52
-10
-31
21
52
8
54
125
185
104
97
113
95
110
98
178
143
107
60
49
39
88
53
59
21
2
2
24
0
-1
93
72
56
-24
-18
13
-17
31
93
252
212
161
163
206
168
118
142
197
183
215
146
152
162
148
124
108
120
51
12
10
-3
-24
233
229
194
196
175
169
214
195
176
226
184
283
228
248
243
261
219
197
273
199
238
210
215
240
214
242
248
257
263
278
270
277
222
181
196
125
164
183
163
167
172
203
228
230
257
216
156
205
168
238
146
198
223
167
214
231
202
221
213
190
209
204
223
208
214
242
188
204
193
201
196
210
251
187
289
274
289
267
217
219
248
275
233
244
266
260
263
232
202
252
271
258
265
284
271
277
254
212
213
183
187
177
194
195
218
183
255
252
272
234
232
244
227
273
220
239
186
210
216
203
244
256
238
244
233
242
243
256
213
158
94
97
62
105
140
111
100
163
164
212
133
133
197
187
158
148
117
127
140
127
136
112
174
100
160
150
164
156
160
172
195
90
110
59
-19
47
89
108
42
137
118
123
146
118
144
137
82
125
82
136
71
67
93
75
107
65
129
142
96
124
129
125
177
119
89
23
28
-25
46
49
50
75
37
139
80
128
25
78
43
37
66
45
53
-28
11
52
-14
3
20
48
-11
13
-8
5
121
190
140
149
136
118
153
169
107
162
180
114
148
152
148
147
153
176
140
156
140
141
167
174
131
174
180
192
208
209
208
217
128
68
110
104
105
92
71
97
113
123
73
81
85
112
93
106
66
31
92
114
62
95
76
116
105
118
113
124
133
152
144
158
82
-8
38
-57
-26
-17
12
-25
11
46
-19
35
-4
59
45
-18
-13
15
-22
30
-2
36
-59
-19
-54
6
28
-24
-25
18
21
19
127
94
89
51
56
65
63
48
56
74
105
83
112
84
92
57
126
75
95
61
54
76
100
59
84
75
102
118
125
129
143
131
131
129
101
111
54
120
119
111
108
122
84
134
134
116
129
139
120
125
105
114
104
130
109
140
121
153
129
173
160
181
176
184
17
18
10
-61
-52
-34
-38
-53
0
12
-38
16
25
-60
-6
8
11
-37
-1
41
25
-58
21
-35
-24
-20
3
-9
3
5
20
12
72
3
18
37
11
31
16
14
17
33
3
26
-2
21
6
37
31
28
24
63
-6
32
-7
70
41
26
-3
63
38
63
56
70
125
25
59
49
42
52
66
42
55
60
31
45
91
65
88
69
91
64
66
83
96
89
58
105
64
94
99
110
103
129
108
129
66
33
40
42
25
28
41
51
48
16
71
48
64
54
58
65
65
15
63
87
18
44
30
58
45
53
72
84
98
100
109
107
52
52
39
49
47
7
31
71
29
29
39
15
39
25
58
21
59
54
52
57
58
41
33
18
65
66
83
100
96
117
109
118
134
161
173
242
206
99
195
214
222
182
73
57
44
209
164
111
87
65
70
84
80
89
49
92
34
123
113
126
125
131
141
133
97
56
97
78
45
66
46
45
50
50
96
36
104
115
78
88
98
87
44
37
69
68
85
44
107
93
97
89
111
105
125
103
44
-36
-5
8
9
-33
-15
-18
-13
34
-63
-28
6
-1
2
-18
-33
-21
11
-14
-48
-28
-31
-73
20
-41
-10
-15
-33
-44
-29
-21
-35
-79
16
15
32
-33
-38
-35
-19
19
-3
-23
-12
-57
-16
-59
-44
-6
19
-60
-17
-53
-10
-9
-26
-12
3
-28
13
-26
-1
-21
1
7
14
5
20
-63
29
12
-6
11
6
-31
1
14
-20
33
15
-15
-11
19
4
12
-24
9
-2
16
34
36
53
43
51
41
68
50
77
74
45
81
63
63
61
106
68
32
62
82
73
118
73
62
88
92
73
89
73
84
52
93
87
102
94
133
102
129
4
7
-52
-122
-41
-69
-64
-55
-34
-43
-85
-65
-72
-82
16
4
-65
3
-51
-47
-68
-50
-25
-57
-60
-32
-68
-55
9
-20
0
-5
-8
-22
-14
-13
-25
5
-22
-21
-30
-2
0
-7
-35
-36
12
7
-19
7
-5
-23
-36
-18
10
-54
3
-26
37
27
34
46
40
41
53
25
60
19
30
57
32
45
36
34
65
43
20
42
76
57
77
47
35
58
57
61
84
75
43
85
81
85
102
111
107
114
-16
-115
-102
-66
-116
-116
-102
-57
-78
-123
-39
-56
-43
-29
-98
-68
-82
-25
-99
-102
-15
-75
-25
-113
-39
-22
-69
-137
-49
-91
-53
-74
-25
-22
-30
-83
-33
-64
-34
-50
-17
-28
-31
-12
-11
12
-19
-8
-94
35
-19
22
-28
-35
9
14
6
25
-13
15
-25
32
0
24
-91
-100
-85
-74
-78
-66
-114
-51
-80
-124
-19
-69
-119
-40
-40
-81
-42
-82
-58
-97
10
-20
-18
-124
-41
-12
-81
-50
-57
-80
-86
-80
-122
-110
-86
-127
-87
-193
-136
-95
-107
-94
-95
-95
-107
-50
-93
-79
-94
-95
-12
-81
-109
-52
-65
-45
-89
-109
-98
-125
-96
-219
-242
-296
-119
-84
-106
-76
-96
-194
-157
-112
-108
-98
-151
-109
-93
-41
-76
-127
-43
-129
-89
-96
-95
-107
-51
-82
-77
-89
-114
-161
-155
-231
-199
-270
-78
-75
-24
-73
-60
-82
-55
-14
-104
-4
8
-37
-34
-61
-36
-13
-54
-51
-56
-8
-5
-59
-9
-54
-31
5
-28
-12
-40
-28
-44
-15
-129
-76
-96
-29
-81
-108
-56
-62
-47
-107
-137
-105
-44
-56
-120
-94
-50
-77
-97
-43
-117
-41
-94
-37
-37
-52
-31
-49
-70
-73
-86
-79
-81
-96
-97
-101
-103
-96
-121
-85
-81
-87
-16
-79
-97
-86
-104
-131
-48
-98
-39
-103
-82
-58
-123
-48
-59
-106
-113
-64
-102
-122
-103
-109
-25
-108
-77
-103
-61
-90
-148
-69
-125
-74
-107
-65
-79
-69
-85
-133
-122
-97
-134
-74
-102
-120
-88
-91
-68
-69
-121
-154
-144
-194
-190
-175
-33
10
-33
-8
-11
-16
42
-4
-39
2
-16
-1
16
5
9
-7
-5
9
-17
22
7
10
-8
8
-17
-3
3
20
41
29
7
41
-24
21
-26
-1
-10
-2
11
-14
3
-1
-36
-20
17
5
-46
9
20
58
6
10
-12
45
31
50
-18
53
24
47
9
55
36
56
-29
-56
-26
-57
-66
-29
-13
-107
-76
-93
-75
-66
-52
-43
-57
-53
-4
-24
-39
-55
-61
-32
-42
-26
-8
9
-36
-58
-34
-11
-24
-7
-43
-86
-104
-132
-145
-52
-34
-80
-85
-80
-105
-113
-145
-144
-78
-81
-41
-30
-85
-70
9
-51
-57
-31
-79
-82
-120
-112
-65
-136
-75
-136
-68
-116
-64
-46
-98
-82
-41
-46
-71
-9
-58
-54
-64
-47
-46
-46
-20
-29
8
-10
7
5
-80
-137
-17
-83
-38
-44
-34
-22
-18
-25
-118
-11
-65
-40
-88
-91
-63
-74
-36
-65
-48
-67
-54
-79
-36
-58
-58
-28
-25
22
-11
-67
11
-92
-73
-70
-67
-24
-28
-39
-39
-25
82
285
220
312
281
275
178
112
81
175
261
201
36
-24
11
47
108
45
-10
41
63
-21
141
86
76
-102
13
-38
-21
11
-50
-78
111
290
259
308
278
273
169
128
68
165
268
197
92
18
47
82
90
90
69
47
85
37
145
92
84
-5
13
32
38
30
33
47
-41
33
65
101
67
49
-34
-2
-26
19
42
81
-55
52
54
20
-14
9
0
-3
-20
5
-28
46
4
-9
17
24
46
53
60
51
22
39
68
75
118
30
21
-30
16
0
-13
-56
9
-1
-14
12
-19
9
-16
-26
-19
-39
-48
14
-44
-20
-17
3
15
27
6
21
-39
22
64
30
55
10
28
29
-8
21
15
54
-7
7
58
53
15
20
4
34
47
25
28
24
37
51
48
46
33
28
54
49
-25
-5
-6
-23
-8
-15
-3
85
20
28
56
9
35
-40
29
20
5
-26
-13
-9
-5
-34
11
14
10
-33
-26
4
-16
10
-38
-18
66
4
-74
-32
37
-42
-28
-25
1
-70
-1
-16
0
-23
-22
-7
-18
-4
-70
-23
-30
-20
-65
-15
2
-22
7
7
28
23
34
14
72
47
47
45
7
36
68
42
81
52
61
72
41
63
73
97
66
70
80
74
68
76
79
86
65
84
75
114
106
112
112
129
-3
-68
-80
-25
-31
-104
-13
-24
-74
-66
-109
-69
-70
-40
-16
-99
-106
-145
-56
-58
-55
-66
-24
-48
-70
-102
-38
-69
6
-44
-24
-40
-29
-91
-90
-69
-79
-47
7
-43
-29
-79
-126
-51
-88
-140
-59
-144
-103
-133
-95
-149
-58
-109
-44
-101
-69
-63
-107
-102
-114
-112
-101
-113
-12
-16
-64
-31
-25
6
3
0
-2
-27
-28
-44
-21
8
-32
-30
25
-1
0
-43
-14
-2
-1
-5
14
-5
-26
36
9
34
28
37
13
37
27
30
33
45
25
64
64
46
36
21
69
49
35
68
53
53
27
44
30
77
57
85
86
48
82
93
79
92
74
107
-11
-52
-60
-75
-19
-65
-37
-65
-59
-45
-52
-52
-74
-42
-68
-97
-60
-51
6
-57
9
-31
-59
-39
-29
-82
-18
-18
4
-36
-13
-18
-25
-4
21
-26
-24
14
37
-6
-1
6
-9
14
-7
-5
31
2
16
-20
40
15
-73
40
32
1
11
30
32
45
34
61
52
65
-39
-48
-14
-65
-102
-50
-82
-16
-5
-47
-36
-44
14
-7
-10
-17
-23
-45
-18
-14
-67
-4
-38
-17
-12
-19
-47
-24
-52
-26
-28
-11
-33
-86
-79
-71
-84
-22
-77
-24
-47
-93
-80
-72
-55
-63
-81
-43
-109
-35
-49
-17
-46
-42
-12
-41
-57
-20
-38
-44
-30
-32
-30
-20
-35
-89
-39
-96
-94
-29
-20
-114
-62
-93
-29
-48
-66
-70
-101
-89
-69
-35
-12
-57
-48
-70
-30
-69
0
-19
-5
-42
1
-22
-22
-25
-13
15
11
-15
-12
-5
13
0
-12
-7
-27
12
-10
23
9
48
5
32
4
12
5
33
39
38
21
27
-3
35
44
49
53
59
0
-11
-20
-1
-79
-44
-27
-2
-6
-11
-59
-15
-5
-52
-70
-19
21
4
-12
-5
-63
36
-30
5
-14
-18
24
34
23
33
12
31
-45
-72
-94
-45
-65
-91
-88
-95
-124
-72
-76
-86
-87
-72
-55
-96
-86
-91
-105
-66
-49
-124
-85
-52
-5
-69
-80
-85
-55
-71
-79
-67
