0.237371
0.386401
0.258057
-0.196398
-0.193031
0.0372215
0.372315
0.0369649
0.243798
0.229432
0.153658
0.0890891
0.167855
0.104907
0.171379
-0.156779
0.00192244
-0.135897
-0.306677
-0.402533
-0.391019
-0.0831334
-0.0521584
-0.179074
-0.219325
-0.104602
-0.202914
-0.125252
0.0718858
0.126058
0.194547
0.2712
0.272146
0.364605
0.437786
0.246771
0.0740578
-0.260806
-0.047984
0.285481
-0.0549025
-0.123583
0.197444
0.340127
-0.107525
-0.52352
-0.407459
-0.281714
-0.00642115
-0.104764
-0.215546
-0.148778
-0.262489
0.08019
0.0177359
-0.00741649
-0.0260762
0.014939
0.113184
0.253451
0.297038
0.535092
0.444874
0.580789
0.339645
0.419815
0.209503
0.131978
-0.137589
-0.0314577
-0.103466
-0.026613
0.0117868
-0.206132
-0.00014866
0.0899147
-0.148164
-0.129973
-0.20691
-0.168344
-0.155581
-0.0539107
-0.289766
-0.156729
-0.160009
-0.0826572
-0.031469
-0.0311849
0.0776716
-0.128051
0.0522932
0.249217
0.34621
0.438978
0.492842
0.54151
-0.22386
-0.401557
-0.398015
-0.410454
-0.118007
-0.180789
0.0405326
-0.077127
0.0122312
-0.195749
-0.0848847
0.0246743
0.253704
-0.175284
-0.060431
0.0252623
-0.00507652
0.0266866
-0.0177627
0.0413112
0.128044
-0.134834
0.120702
0.396893
0.120133
-0.0175212
-0.0165407
-0.224115
-0.495713
-0.55892
-0.874993
-0.948236
-0.208253
-0.392669
-0.40273
-0.627476
-0.564582
-0.504354
-0.528457
-0.77641
-0.803838
-0.782682
-0.465134
-0.442968
-0.817812
-0.762772
-0.884228
-0.637326
-0.378443
-0.335277
-0.470532
-0.482614
-0.327036
-0.362822
-0.386345
-0.512859
-0.3822
-0.576294
-0.622812
-0.326494
-0.455068
-0.215028
-0.224329
-0.217447
0.240093
0.151602
0.367485
0.610023
0.439694
0.751024
0.158427
0.0973251
0.263888
0.231492
0.471044
0.101313
0.207245
0.530773
0.523279
0.298794
0.34566
0.720153
0.333003
0.417687
0.223961
0.395307
0.292273
0.0129309
0.089493
0.296943
0.217554
0.0591382
0.141344
0.207998
0.134454
0.226098
-0.79846
-1.27539
-0.822023
-0.822027
-0.643959
-0.595726
-0.544396
-0.587282
-0.516741
-0.110222
-0.146747
0.113678
0.267685
0.351027
0.50675
0.780449
0.864117
0.966849
1.41029
1.70167
1.62607
1.22326
1.1675
1.35566
1.18061
1.17167
0.963376
0.702037
0.537901
0.190305
0.0984825
-0.0280112
-0.272881
-0.410518
-0.610215
-0.768846
-0.584642
-0.523812
0.171033
0.12953
-0.14316
-0.181809
-0.079936
-0.0900937
0.178178
-0.0186944
-0.0401967
0.274884
-0.02689
-0.131471
-0.233964
-0.277344
0.0409387
-0.278805
-0.139678
-0.0138592
-0.226729
-0.197763
-0.14761
-0.0816186
-0.422396
-0.674075
-0.579485
-0.585493
-0.155407
0.101802
-0.229741
-0.22273
0.0100061
0.240745
0.700516
0.683817
1.10338
1.34922
0.79008
1.01713
1.28855
1.15861
1.18395
0.828854
0.563703
0.708968
0.9219
0.703855
0.873545
0.641698
0.246601
1.14399
0.965345
1.0424
0.782816
0.681755
0.420236
0.579416
0.398482
0.302547
0.18936
0.0664079
-0.140053
0.230695
0.180423
0.263373
0.0480544
0.39773
0.198599
0.367939
0.0482946
0.0878759
-0.364345
-0.523511
-0.719343
-0.424213
-0.34527
-0.510369
-0.409998
-0.521001
-0.450168
-0.445055
-0.283994
-0.327267
-0.327163
-0.0812421
-0.297986
-0.0489235
-0.169867
-0.0284397
-0.11734
0.0100335
0.385154
0.786581
0.717132
1.3048
1.16272
0.278915
0.295793
0.431856
0.550014
0.273243
0.41296
0.321389
0.466091
0.195708
-0.0226999
0.0289462
0.37872
0.125752
0.176741
0.194509
0.144441
0.182323
0.283757
0.311991
0.436595
0.336504
0.448421
0.562593
0.679965
0.742252
0.848237
0.890337
-0.426847
-0.779321
-0.782002
-0.438575
-0.141098
-0.582203
-0.476997
-0.192971
-0.766234
-0.518918
-0.518005
-0.391226
-0.564716
-0.908101
-0.842023
-0.756065
-0.613381
-0.74487
-0.602724
-0.285818
-0.755157
-0.506604
-0.646651
-0.70152
-0.575525
-0.753438
-0.877119
-0.7725
-0.71576
-0.738106
-0.622723
-0.648168
-0.226739
-0.300543
-0.745978
-0.737569
-0.816819
-0.375331
-0.792661
-0.578158
-0.427554
-0.804755
-0.820313
-0.748448
-0.905342
-0.644849
-0.606612
-0.638032
-0.474153
-0.58882
-0.572059
-0.781765
-0.671831
-0.62168
-0.4868
-0.799273
-0.848967
-0.750967
-0.64917
-0.918896
-0.77149
-0.959006
-0.782049
-0.78397
0.30436
0.176594
-0.163057
-0.134506
-0.542783
-0.0265207
0.127544
0.366531
-0.0569318
-0.369577
-0.471562
-0.442757
-0.709051
-0.730812
-0.210948
-0.440535
-0.258671
-0.480194
-0.344289
-0.437
-0.419842
-0.352685
-0.447924
-0.346481
-0.30038
-0.714072
-0.468887
-0.399443
-0.449678
-0.305803
-0.291541
-0.276331
0.219854
0.346087
0.229117
0.250914
0.133833
0.413315
0.671625
0.677236
0.568059
0.0770937
-0.0511693
0.151878
0.389516
0.711073
0.795714
0.400801
0.301783
0.099894
-0.0719161
-0.141831
-0.00928165
0.0163764
0.128808
0.00672521
-0.0961107
0.0943917
0.204239
0.19065
0.362757
0.331664
0.461804
0.403254
-0.355051
-0.426945
-0.386766
-0.336921
-0.331691
0.00490525
-0.343215
-0.290614
-0.309134
0.0612678
-0.232844
-0.392198
-0.0580738
0.366216
0.0937022
0.078473
-0.0751123
0.440328
0.669379
0.72224
0.606294
0.50876
0.306845
0.163884
0.0987573
-0.0591456
0.284169
-0.28936
-0.196026
-0.327001
-0.432549
-0.553076
-0.194113
-0.122403
-0.0237236
-0.22499
-0.304621
-0.581085
-0.484778
-0.577646
-0.714713
-0.294175
-0.336467
-0.408882
-0.548017
-0.714608
-0.643071
-0.125899
-0.359517
-0.142398
-0.123271
-0.0876028
0.0940369
-0.170382
-0.147761
-0.1174
0.168596
0.086407
-0.175168
-0.0154364
-0.0807854
-0.146341
-0.00778494
-0.127925
0.23907
0.488495
0.941852
0.964022
0.971568
0.366622
0.0738381
-0.152093
-0.0572581
-0.0407061
0.309348
0.0975154
0.284863
0.414645
0.274073
0.329302
0.0275836
-0.0986947
-0.11825
-0.0966879
-0.149893
0.0527949
0.0977695
-0.00749799
0.129237
0.085132
-0.0408481
0.0550764
0.182901
0.236325
0.285674
0.318644
0.181768
0.329226
0.947825
0.679863
0.570268
0.796339
0.556252
0.1332
0.61791
0.735469
0.484552
0.225789
0.590395
1.06014
0.952611
0.551595
0.0914838
0.0915899
0.125535
-0.0727751
-0.147788
-0.211208
-0.221287
-0.405172
-0.382532
-0.061292
0.140942
0.0926591
0.189308
0.0400706
0.00372158
0.00942799
0.252791
0.491727
0.595547
0.501425
0.836246
0.509626
0.106023
0.0192438
0.280799
0.303149
0.339831
0.256203
0.128967
0.239022
0.142463
0.0315458
0.123543
0.146443
0.139904
0.111203
0.00718683
0.149153
0.182075
0.0569313
0.118572
0.316005
0.29206
0.355463
0.527237
0.524559
0.569675
0.614818
