-0.354462
-0.185823
0.111876
0.386143
0.464867
0.123918
-0.459242
-0.486513
-0.292318
-0.166573
-0.274271
-0.271454
-0.240117
-0.125946
-0.0909197
-0.0999241
-0.16753
-0.307486
-0.322258
-0.209107
-0.254729
-0.201822
-0.255209
-0.0428684
-0.139514
-0.175483
-0.183423
-0.275092
0.176576
0.165915
0.201733
0.0605589
-0.330361
-0.13307
-0.39119
-0.253743
-0.0645395
-0.103503
-0.20352
-0.175597
-0.0107094
-0.360878
-0.340963
-0.263202
-0.190409
-0.49363
-0.258501
-0.268738
-0.2734
-0.174687
-0.209127
-0.233747
-0.300842
-0.271708
-0.133616
0.339753
0.130404
0.485815
-0.0960449
-0.26037
-0.212128
0.124843
-0.0331198
-0.121476
0.0789244
0.547714
0.209675
0.196664
0.271784
0.695332
0.0882234
0.0300224
0.748089
0.303844
-0.171845
-0.147281
0.294974
0.332833
0.293189
0.0337955
-0.180891
-0.00358838
0.155601
-0.292894
-0.261654
-0.561605
-0.259946
-0.210521
-0.269482
-0.198849
-0.212683
-0.0133977
-0.231671
0.0562183
0.118269
0.153313
-0.222703
-0.601415
-0.657343
-0.684297
-0.711165
-0.517538
-0.615856
-0.808883
-0.838923
-0.639668
-0.535021
-0.731728
-0.819583
-0.959256
-0.775538
-1.01939
-0.500707
-0.29877
-0.270936
-0.560954
-0.556493
-0.521389
-0.514767
-0.0885132
0.0877234
-0.159609
-0.0285196
-0.00115768
-0.0421288
0.3317
-0.206161
-0.157841
0.235262
0.493765
0.212223
0.033996
0.291183
0.167742
-0.168732
0.194403
-0.154964
0.188968
-0.177223
-0.270118
-0.310076
0.047275
-0.0612008
-0.136782
-0.0130472
0.425217
0.531844
0.30098
0.505153
0.310096
-0.052584
0.267075
0.136519
0.153775
0.069873
0.0959294
0.015258
-0.118278
0.00668151
0.157505
0.358371
0.647917
0.359325
0.162925
0.061547
0.0346739
0.040683
-0.108929
-0.311314
0.237666
-0.00103722
-0.266667
-0.234596
-0.578384
-0.493481
-0.184184
-0.26658
-0.414788
-0.600756
-0.573079
-0.398925
-0.128915
-0.198516
-0.284304
-0.113348
-0.135303
-0.109676
0.0625628
0.271999
0.463964
0.648571
0.724665
0.878001
1.28379
1.21163
0.980043
0.784948
0.772812
1.17708
1.21428
1.28198
1.57728
0.950121
1.07155
1.54157
1.48381
1.0802
1.21934
0.972946
0.765141
0.26955
0.303232
0.411049
0.518243
0.695883
0.576174
0.709587
0.52127
0.972362
1.04757
1.27399
1.3339
1.54246
1.56033
0.722805
1.11016
0.93882
0.7867
0.664853
0.823212
0.86412
0.978766
0.784054
0.575516
0.718721
1.07054
0.573906
0.398598
0.271062
0.604294
0.713033
0.69425
0.418507
0.208538
0.550813
0.549863
0.778384
0.489831
0.460834
0.499224
0.513489
0.697389
1.04166
1.2111
1.32842
1.4564
0.381005
0.450228
0.296094
0.4033
0.568449
0.632454
0.626556
0.73815
0.589004
0.338474
0.606327
0.560193
0.568168
0.501578
0.664123
1.02831
1.05705
0.840446
0.987836
1.19308
1.02443
1.08975
1.02092
0.973662
0.899849
0.974625
1.01259
0.832013
0.456234
0.337445
0.334005
0.34646
0.0115041
-0.612087
-0.503153
-0.498681
-0.24183
-0.359648
-0.226237
-0.0992943
-0.268488
-0.296843
0.334216
0.388772
0.652129
1.0294
1.41317
1.30905
1.17267
1.05195
1.34452
1.51644
1.38255
1.22517
0.627715
1.24595
1.58829
1.57568
1.70531
1.24777
0.811649
0.876872
0.710431
0.60274
0.544675
0.710173
0.489773
0.275277
0.173103
0.0243162
-0.0339112
0.209553
0.343151
0.178005
0.424205
0.357898
0.515407
0.544053
0.469794
0.327228
0.181381
0.154166
0.172801
0.125873
-0.0324673
0.0933432
0.0640205
0.290519
0.265992
0.355977
0.496376
0.464759
0.311316
0.536231
0.525679
0.513029
0.687965
1.05774
1.36533
1.09019
0.845059
1.16264
1.13694
1.41529
1.62034
1.29113
1.27221
1.08419
1.18605
1.17126
1.04712
0.642388
0.393931
0.345473
0.249708
0.212746
0.137127
0.317187
0.485654
0.229117
0.328415
0.521398
0.430097
0.788315
0.871719
0.944557
1.21631
1.27334
0.0146233
0.162184
0.179127
0.381737
0.196525
0.140622
0.298284
0.829992
1.07484
1.51841
1.15369
1.31635
1.3563
1.15952
0.769663
0.644718
0.511725
0.585847
0.472145
0.80524
0.510698
0.826251
0.429078
0.639493
0.748496
0.830531
0.794452
0.589766
0.683148
0.416504
0.314075
0.396353
-0.0681852
0.12723
-0.0852407
-0.266295
-0.232057
-0.262744
-0.511916
-0.559549
-0.467788
-0.213946
-0.225999
0.00111262
-0.17655
-0.553307
-0.614084
-0.610622
-0.495801
-0.815043
-0.889448
-0.606725
-0.382646
-0.258757
-0.360975
-0.593175
-0.663081
-0.773163
-0.719743
-0.524536
-0.327874
-0.194921
-0.104892
-0.0757369
-0.251823
-0.719909
-0.612784
-0.68208
-0.666146
-0.713344
-0.668151
-0.861056
-1.0789
-0.812952
-0.697766
-0.752338
-0.890229
-0.961419
-0.605963
-0.490726
-0.282006
-0.276837
-0.338479
-0.243485
-0.0798184
-0.233947
-0.293993
-0.469972
-0.291748
-0.519531
-0.497376
-0.48312
-0.709505
-1.05932
-1.1477
-0.902235
-0.532558
-1.01122
-0.829852
-0.55977
-0.563697
-0.793444
-0.448495
-0.826141
-0.862161
-0.857443
-0.625602
-0.500571
-0.918545
-1.05245
-0.856722
-0.703162
-0.645131
-0.402261
-0.516911
-0.202003
-0.630168
-0.417315
-0.636265
-0.563625
-0.808705
-0.978166
-1.10294
-1.08198
-0.916
-1.48769
-1.27381
-1.40234
-0.578049
-0.781047
-0.560131
-0.417516
-0.492279
-0.388937
-0.0743595
-0.152083
-0.199478
-0.43195
-0.343884
-0.418646
-0.470311
-0.248556
-0.249479
-0.34821
-0.325094
-0.201405
-0.0521231
-0.11359
-0.250777
-0.42602
-0.392672
-0.702281
-0.630799
-0.736168
-0.714008
-0.583639
-0.748308
-0.891709
-0.799233
-0.89267
-0.48638
-0.58948
-0.302953
-0.228535
-0.439481
-0.270585
0.154964
-0.245848
-0.292407
-0.384102
-0.746038
-0.359825
-0.521337
-0.0580918
-0.211221
-0.416163
-0.311074
-0.11786
0.0360288
-0.143968
0.00889796
-0.381029
-0.210485
-0.433539
-0.60895
-0.421502
-0.567865
-0.531516
-0.812478
-0.829899
-1.10918
-1.45736
-0.588376
-0.999711
-0.68625
-0.575585
-0.482182
-0.512155
-0.311057
-0.496441
-0.851312
-0.967289
-0.754652
-0.907405
-0.874919
-0.569257
-0.695963
-0.679148
-0.783812
-0.830901
-0.503979
-0.612014
-0.568328
-0.693109
-0.360941
-0.796046
-0.901521
-0.779372
-0.786557
-1.18356
-0.935122
-1.24826
-1.25787
-1.11839
-0.500236
-0.957144
-0.744977
-0.530476
-0.42894
-0.655828
-0.665377
-0.790118
-0.812705
-1.07765
-0.565187
-0.961369
-1.04183
-1.06803
-1.09524
-0.85207
-0.75766
-1.01887
-0.934524
-0.874563
-0.813873
-0.834289
-0.431688
-0.866731
-0.928956
-1.04114
-0.975711
-0.8877
-0.978336
-0.969176
-1.01466
-1.11664
