-75
9
-73
-5
-3
-29
-49
-40
-10
-54
-74
-11
-60
-15
-19
-65
-49
-4
-84
-11
-29
-81
-27
-21
-50
-36
-27
-4
-54
-15
-30
-10
-38
-15
-67
-32
-37
-12
-53
-18
-45
-39
-34
-50
-88
-82
-95
-86
-60
-22
-17
-86
-85
-64
-3
-39
-35
-98
-79
-49
-31
-38
-59
-24
-67
-81
-43
-42
-55
-42
-44
-70
-73
-38
-114
-137
-36
-86
-112
-79
-24
-76
-73
-43
-56
-88
-77
-80
-50
-69
-73
-80
-63
-39
-62
-60
-11
-5
4
4
5
-46
-31
-31
-64
-20
-14
-23
-11
-47
29
-16
-24
-59
-43
2
-22
27
-32
19
-7
18
-5
12
3
27
6
27
-13
-15
9
-46
-27
6
-8
8
-9
5
-20
-24
-21
-3
5
-24
46
-1
22
-3
1
-6
-19
41
0
22
31
29
42
44
39
56
-44
-59
-60
-62
-36
-70
-86
-53
-60
-44
-45
-81
-131
-58
-94
-38
-49
-81
-160
-125
-83
-50
-56
-75
-23
-60
-72
-73
-86
-75
-63
-75
2
-38
-11
-12
-77
-36
-24
-17
-58
-32
-66
-52
-68
-91
-63
-55
-34
-39
-22
-48
-36
-5
4
-66
-44
-7
-74
-11
-30
-14
-13
-2
-34
-35
14
-6
-30
-22
-18
-37
-8
-43
-33
-38
-112
-78
-23
-14
-35
-29
-45
-33
-20
-58
-61
-104
-34
-32
-53
-24
-37
-14
-31
-17
5
37
98
171
165
145
97
129
90
35
60
95
69
43
55
-16
-23
6
25
-68
27
-38
-69
-42
-22
-35
-41
-32
-75
-9
-47
-36
31
97
116
175
145
138
109
131
77
66
89
79
106
91
38
51
55
72
74
36
40
58
66
54
53
51
63
70
105
87
118
85
-1
12
46
39
7
15
-6
-60
-25
-38
-30
1
11
-52
-33
-6
3
22
-7
-8
27
3
-16
4
6
-3
6
23
24
19
28
18
-48
4
5
-18
-32
-27
-52
-96
-54
-43
-56
-29
-22
-39
-30
-29
-17
-105
-59
-52
-25
-2
15
-5
-55
-27
-31
-32
-22
-45
-6
-17
-63
-61
-49
-29
4
-10
-57
-85
-31
-146
-31
-85
-35
-62
-86
-85
-60
-72
-28
-49
-49
-51
-7
-64
-25
-36
-62
-36
-87
-96
-71
-58
-31
-72
14
-66
-87
-52
-33
-72
-68
-96
-94
-69
-57
-62
-46
-102
-88
-4
-14
-84
-48
-76
-48
-53
-30
-72
-78
-93
-70
-101
-127
-121
-77
-44
-103
-41
-25
-9
-9
-55
-66
-62
-39
-53
-87
-55
-71
-48
-1
-104
-21
-41
12
-17
-67
-69
-65
-63
-75
-138
-84
-90
-87
-101
-11
-90
-79
-85
-45
-79
8
-38
-87
-90
-5
-101
-48
-12
-63
-38
-48
22
-62
-38
-33
-78
-37
-6
-72
-62
-26
-16
-33
-21
-19
-21
-17
2
-7
8
24
42
-9
24
63
1
45
7
23
26
21
20
10
21
31
39
2
23
-20
-4
51
4
18
52
42
45
42
61
-62
-61
-87
-80
-6
-5
-95
-63
-28
-86
-27
-82
-7
-59
-58
-113
-19
-72
-50
-69
-39
-41
-8
-23
-27
-79
-76
-32
-50
-44
-36
-39
-67
-112
-96
-38
-28
-13
-57
-119
-67
-61
-63
-99
-87
-77
-48
-44
-112
-76
-85
-81
-95
-110
-58
-27
-56
-18
-83
-49
-62
-65
-82
-61
-78
-67
-90
-20
-52
-42
-70
-4
-29
-53
-50
-96
-113
-80
-105
-52
-75
-78
-28
-85
-143
-57
-56
-70
-108
-103
-90
-153
-101
-140
-176
-159
-61
-17
-43
-9
-32
-18
-30
-15
-23
-60
-72
-50
-13
-55
-48
-77
-40
-44
5
-8
-41
-32
-11
-43
-75
-33
-45
-43
-39
-34
-51
-37
-4
14
31
-56
25
13
26
28
23
19
-7
0
-1
14
46
-13
-18
23
-4
13
-1
50
29
29
20
51
43
43
51
51
62
70
-70
-55
-28
-48
0
-49
-93
-68
-75
-87
-144
-74
-69
-62
-24
-73
-96
-91
-65
-124
-74
-26
-54
-66
-72
-120
-71
-118
-84
-93
-78
-118
-37
-23
-12
-37
12
7
-13
-24
-22
37
-14
-7
-26
-8
31
26
13
-26
7
15
-62
6
-4
8
1
37
14
-5
10
26
14
25
-90
-17
-15
-14
-44
-34
-62
-41
-21
-11
-18
-36
-119
5
-27
-28
-14
-77
-79
-42
-47
-45
-63
14
-35
-65
0
-19
-11
-7
-6
2
-39
-96
-106
-21
-16
-149
-53
-22
-56
-34
-16
-97
-66
-49
-71
-35
-39
-52
-83
-40
-56
-47
-61
-73
-114
-45
-85
-87
-94
-101
-90
-86
-45
-94
-102
-103
-37
-16
-2
-66
-64
-31
-37
2
-45
-30
-50
-108
-67
-50
5
-71
-33
-39
-167
-135
-107
-72
-118
-96
-57
-170
-111
-119
-124
-29
-34
-31
-5
43
-34
-44
-10
-59
-62
-50
-43
-89
-76
-67
-13
-34
-34
-34
-12
-38
-91
-59
-46
-57
-110
-55
-58
-74
-76
-82
-139
-88
-40
-67
0
3
-40
-105
-35
-75
-91
-91
-46
-86
-76
-35
-48
-51
-42
-39
-24
-50
-47
-56
-9
-64
-110
-53
-65
-80
-74
-79
-97
-65
-137
-49
-29
12
-98
-39
-36
-72
-56
-57
-48
-102
-57
-72
-53
-78
-86
-85
-38
-83
-58
-91
-131
-84
-97
-162
-125
-139
-100
-134
-74
-83
-136
-92
-84
-69
-58
-65
-29
-32
-41
-71
-11
-69
-106
-26
-52
-106
4
-32
-54
-37
-38
-64
-78
-94
-98
-84
-174
-119
-127
-140
-93
-105
-55
-49
15
-39
-41
-113
16
-33
-41
-2
-14
-12
-29
14
-72
-83
-42
-46
11
-22
-45
-7
-5
-1
-11
-42
-8
-15
9
2
-86
-15
-44
5
26
-32
-3
-9
-45
-25
-49
-16
62
-2
-29
-25
-27
-26
-15
-82
-23
-7
-54
5
-12
-55
-24
-23
-7
16
6
12
-69
-54
-10
-25
-51
-16
-24
7
-51
-24
-49
-95
-79
-19
-109
-73
-54
-64
-95
-45
-66
-90
-76
-36
-36
-60
-66
-103
-116
-107
-121
-116
-68
-79
-61
-139
-5
-61
-20
31
-53
-76
-68
-67
-85
-83
-116
-73
-67
-68
-37
-113
-81
-66
-158
-94
-63
-54
-65
-148
-173
-142
-143
-152
-37
-19
-57
-68
-17
-57
-20
53
-7
-38
-31
-61
-30
-47
-37
-94
-40
-22
-59
-35
-24
-12
-42
-66
-42
-4
-33
-108
-55
-56
-57
-48
-55
-117
-35
-42
-46
3
-3
19
8
-32
-18
39
-30
33
-22
-23
-6
-27
4
-20
-28
17
-47
-10
-57
-3
-17
2
-30
-1
-3
10
36
57
-44
-6
-50
35
-16
20
29
-82
-84
-21
41
-41
-3
53
-24
10
-44
3
-16
45
-17
-23
-14
50
120
44
-56
-18
-68
-21
33
75
13
34
-58
79
36
-9
43
-41
-47
-8
8
3
-3
53
1
-2
-72
-22
-7
2
-9
-24
-5
36
114
37
-82
-74
-144
-94
-53
3
-24
-11
-64
-9
0
-20
-23
-30
-15
-48
-15
-60
-49
-8
-78
-89
-8
-6
-1
-38
11
-18
-24
-95
-50
-55
-41
-47
-24
-39
-76
-24
-76
-34
-83
-32
-60
-40
7
-59
-139
-79
-73
-77
-29
-33
-71
9
-49
27
-5
-24
-76
-77
-59
-66
-153
-137
-137
-207
-115
-248
-59
3
51
-12
-33
20
51
8
54
124
185
104
97
113
94
110
97
179
144
108
59
50
40
88
54
60
22
2
2
23
1
-1
93
71
55
-26
-20
12
-18
31
93
251
212
161
163
206
167
118
141
198
184
216
145
153
163
148
125
109
121
51
12
9
-2
-24
233
228
193
194
173
168
213
195
176
225
184
283
228
248
242
261
218
198
274
200
237
211
216
240
215
243
249
257
263
277
271
277
222
180
195
123
162
182
162
167
172
202
228
230
257
216
155
205
167
239
147
199
222
168
215
231
203
222
214
190
209
203
224
208
214
241
187
202
191
200
195
210
251
186
289
274
289
267
216
219
247
276
234
245
265
261
264
232
203
253
272
258
265
283
272
277
254
211
212
181
185
176
193
195
218
182
255
252
272
234
231
244
226
274
221
240
185
211
217
203
245
257
239
244
233
241
244
256
213
157
93
95
60
104
139
111
100
162
164
212
133
133
196
187
157
149
118
128
139
128
137
112
175
101
161
150
164
155
161
172
195
89
109
57
-21
46
88
108
42
136
118
123
146
118
143
137
81
126
83
137
70
68
94
75
108
66
130
142
96
123
130
125
177
118
88
21
26
-26
45
49
50
74
37
139
80
128
24
78
42
38
67
46
52
-27
12
52
-13
4
21
48
-11
12
-7
5
121
189
139
147
134
117
152
169
107
161
180
114
148
152
147
147
152
177
141
157
139
142
168
174
132
175
181
192
208
208
209
217
128
67
109
102
103
91
70
97
113
122
73
81
85
112
92
106
65
32
93
115
61
96
77
116
106
119
114
124
133
151
145
158
82
-9
37
-59
-28
-18
11
-25
11
45
-19
35
-4
59
44
-18
-14
16
-21
31
-3
37
-58
-19
-53
7
29
-24
-25
17
22
19
127
93
88
49
54
64
62
48
56
73
105
83
112
84
91
57
125
76
96
62
53
77
101
59
85
76
103
118
125
128
144
131
131
128
100
109
52
119
118
111
108
121
84
134
134
116
128
139
119
126
106
115
103
131
110
140
122
154
130
173
160
180
177
184
17
17
9
-63
-54
-35
-39
-53
0
11
-38
16
25
-60
-7
8
10
-36
0
42
24
-57
22
-35
-23
-19
4
-9
3
4
21
12
72
2
17
35
9
30
15
14
17
32
3
26
-2
21
5
37
30
29
25
64
-7
33
-6
70
42
27
-2
63
38
62
57
70
125
24
58
47
40
51
65
42
55
59
31
45
91
65
87
69
90
65
67
84
95
90
59
105
65
95
100
110
103
128
109
129
66
32
39
40
23
27
40
51
48
15
71
48
64
54
57
65
64
16
64
88
17
45
31
58
46
54
73
84
98
99
110
107
52
51
38
47
45
6
30
71
29
28
39
15
39
25
57
21
58
55
53
58
57
42
34
18
66
67
84
100
96
116
110
118
134
160
172
240
204
98
194
214
222
181
73
57
44
209
163
111
86
66
71
85
79
90
50
92
35
124
114
126
125
130
142
133
97
55
96
76
43
65
45
45
50
49
96
36
104
115
77
88
97
88
45
38
68
69
86
44
108
94
98
89
111
104
126
103
44
-37
-6
6
7
-34
-16
-18
-13
33
-63
-28
6
-1
1
-18
-34
-20
12
-13
-49
-27
-30
-73
21
-40
-9
-15
-33
-45
-28
-21
-35
-80
15
13
30
-34
-39
-35
-19
18
-3
-23
-12
-57
-17
-59
-45
-5
20
-59
-18
-52
-9
-9
-25
-11
4
-28
13
-27
0
-21
1
6
13
3
18
-64
28
12
-6
10
6
-31
1
14
-21
33
14
-14
-10
20
3
13
-23
9
-1
17
35
36
53
42
52
41
68
49
76
72
43
80
62
63
61
105
68
32
62
82
72
118
72
63
89
93
72
90
74
84
53
94
88
102
94
132
103
129
4
6
-53
-124
-43
-70
-65
-55
-34
-44
-85
-65
-72
-82
15
4
-66
4
-50
-46
-69
-49
-24
-57
-59
-31
-67
-55
9
-21
1
-5
-8
-23
-15
-15
-27
4
-23
-21
-30
-3
0
-7
-35
-36
11
7
-20
8
-4
-22
-37
-17
11
-54
4
-25
38
27
34
45
41
41
53
24
59
17
28
56
31
45
36
33
65
43
20
42
75
57
76
48
36
59
56
62
85
75
44
86
82
85
102
110
108
114
-16
-116
-103
-68
-118
-117
-103
-57
-78
-124
-39
-56
-43
-29
-99
-68
-83
-24
-98
-101
-16
-74
-24
-113
-38
-21
-68
-137
-49
-92
-52
-74
-25
-23
-31
-85
-35
-65
-35
-50
-17
-29
-31
-12
-11
12
-20
-8
-95
36
-18
23
-29
-34
10
14
7
26
-12
15
-25
31
1
24
-91
-101
-86
-76
-80
-67
-115
-51
-80
-125
-19
-69
-119
-40
-41
-81
-43
-81
-57
-96
9
-19
-17
-124
-40
-11
-80
-50
-57
-81
-85
-80
-122
-111
-87
-129
-89
-194
-137
-95
-107
-95
-95
-95
-107
-50
-94
-79
-95
-94
-11
-80
-110
-51
-64
-45
-88
-108
-97
-125
-96
-220
-241
-296
-119
-85
-107
-78
-98
-195
-158
-112
-108
-99
-151
-109
-93
-41
-77
-127
-44
-128
-88
-95
-96
-106
-50
-82
-76
-88
-113
-161
-155
-232
-198
-270
-78
-76
-25
-75
-62
-83
-56
-14
-104
-5
8
-37
-34
-61
-37
-13
-55
-50
-55
-7
-6
-58
-8
-54
-30
6
-27
-12
-40
-29
-43
-15
-129
-77
-97
-31
-83
-109
-57
-62
-47
-108
-137
-105
-44
-56
-121
-94
-51
-76
-96
-42
-118
-40
-93
-37
-36
-51
-30
-49
-70
-74
-85
-79
-81
-97
-98
-103
-105
-97
-122
-85
-81
-88
-16
-79
-97
-86
-105
-131
-49
-97
-38
-102
-83
-57
-122
-48
-58
-105
-112
-64
-102
-123
-102
-109
-25
-109
-78
-105
-63
-91
-149
-69
-125
-75
-107
-65
-79
-69
-86
-133
-123
-96
-133
-73
-103
-119
-87
-91
-67
-68
-120
-154
-144
-195
-189
-175
-33
9
-34
-10
-13
-17
41
-4
-39
1
-16
-1
16
5
8
-7
-6
10
-16
23
6
11
-7
8
-16
-2
4
20
41
28
8
41
-24
20
-27
-3
-12
-3
10
-14
3
-2
-36
-20
17
5
-47
9
19
59
7
11
-13
46
32
50
-17
54
25
47
9
54
37
56
-29
-57
-27
-59
-68
-30
-14
-107
-76
-94
-75
-66
-52
-43
-58
-53
-5
-23
-38
-54
-62
-31
-41
-26
-7
10
-35
-58
-34
-12
-23
-7
-43
-87
-105
-134
-147
-53
-35
-80
-85
-81
-105
-113
-145
-144
-79
-81
-42
-29
-84
-69
8
-50
-56
-31
-78
-81
-119
-112
-65
-137
-74
-136
-68
-117
-65
-48
-100
-83
-42
-46
-71
-10
-58
-54
-64
-47
-47
-46
-21
-28
9
-9
6
6
-79
-137
-16
-82
-37
-44
-34
-23
-17
-25
-118
-12
-66
-42
-90
-92
-64
-74
-36
-66
-48
-67
-54
-79
-37
-58
-59
-27
-24
23
-12
-66
12
-92
-72
-69
-66
-24
-28
-40
-38
-25
82
284
219
310
279
274
177
112
81
174
261
201
36
-24
10
47
107
46
-9
42
62
-20
142
86
77
-101
14
-38
-21
10
-49
-78
111
289
258
306
276
272
168
128
68
164
268
197
92
18
46
82
89
91
70
48
84
38
146
92
85
-4
14
32
38
29
34
47
-41
32
64
99
65
48
-35
-2
-26
18
42
81
-55
52
53
20
-15
10
1
-2
-21
6
-27
46
5
-8
18
24
46
52
61
51
22
38
67
73
116
29
20
-30
16
-1
-13
-56
9
-1
-15
12
-20
10
-15
-25
-20
-38
-47
14
-43
-19
-16
3
15
26
7
21
-39
21
63
28
53
9
27
29
-8
20
15
54
-7
7
57
53
14
21
5
35
46
26
29
24
38
52
49
46
33
27
55
49
-25
-6
-7
-25
-10
-16
-4
85
20
27
56
9
35
-40
28
20
4
-25
-12
-8
-6
-33
12
14
11
-32
-25
4
-16
9
-37
-18
66
3
-75
-34
35
-43
-29
-25
1
-71
-1
-16
0
-23
-23
-7
-19
-3
-69
-22
-31
-19
-64
-15
3
-21
8
7
28
22
35
14
72
46
46
43
5
35
67
42
81
51
61
72
41
63
72
97
65
71
81
75
67
77
80
86
66
85
76
114
106
111
113
129
-3
-69
-81
-27
-33
-105
-14
-24
-74
-67
-109
-69
-70
-40
-17
-99
-107
-144
-55
-57
-56
-65
-23
-48
-69
-101
-37
-69
6
-45
-23
-40
-29
-92
-91
-71
-81
-48
6
-43
-29
-80
-126
-51
-88
-140
-60
-144
-104
-132
-94
-148
-59
-108
-43
-101
-68
-62
-106
-102
-114
-113
-100
-113
-12
-17
-65
-33
-27
5
2
0
-2
-28
-28
-44
-21
8
-33
-30
24
0
1
-42
-15
-1
0
-5
15
-4
-25
36
9
33
29
37
13
36
26
28
31
44
24
64
64
45
36
21
69
49
34
68
52
54
28
45
29
78
58
85
87
49
83
93
79
91
75
107
-11
-53
-61
-77
-21
-66
-38
-65
-59
-46
-52
-52
-74
-42
-69
-97
-61
-50
7
-56
8
-30
-58
-39
-28
-81
-17
-18
4
-37
-12
-18
-25
-5
20
-28
-26
13
36
-6
-1
5
-9
14
-7
-5
30
2
15
-19
41
16
-74
41
33
1
12
31
33
45
34
60
53
65
-39
-49
-15
-67
-104
-51
-83
-16
-5
-48
-36
-44
14
-7
-11
-17
-24
-44
-17
-13
-68
-3
-37
-17
-11
-18
-46
-24
-52
-27
-27
-11
