-48
-28
-55
-36
-12
7
10
-39
-13
-24
-40
-57
-36
-17
-55
-45
-46
2
-3
-7
-14
0
-8
-21
-19
-20
7
-38
-30
-19
-15
9
-75
9
-72
-5
-4
-29
-49
-40
-10
-54
-74
-11
-60
-15
-18
-64
-49
-5
-85
-12
-29
-82
-27
-21
-50
-36
-28
-4
-54
-15
-30
-11
-38
-15
-66
-32
-38
-12
-53
-18
-45
-39
-34
-50
-88
-82
-94
-85
-60
-23
-18
-87
-85
-65
-3
-39
-35
-98
-80
-49
-31
-38
-59
-25
-67
-81
-42
-42
-56
-42
-44
-70
-73
-38
-114
-137
-36
-86
-111
-78
-24
-77
-74
-44
-56
-89
-77
-80
-50
-69
-74
-80
-63
-39
-62
-61
-11
-5
5
4
4
-46
-31
-31
-64
-20
-14
-23
-11
-47
30
-15
-24
-60
-44
1
-22
26
-32
19
-7
18
-6
12
3
27
6
26
-13
-15
10
-46
-28
6
-8
8
-9
5
-20
-24
-21
-3
6
-23
46
-2
21
-4
1
-7
-19
41
0
22
30
29
42
44
39
55
-44
-59
-59
-62
-37
-70
-86
-53
-60
-44
-45
-81
-131
-58
-93
-37
-49
-82
-161
-126
-83
-51
-56
-75
-23
-60
-73
-73
-86
-75
-63
-76
2
-38
-10
-12
-78
-36
-24
-17
-58
-32
-66
-52
-68
-91
-62
-54
-34
-40
-23
-49
-36
-6
4
-66
-44
-7
-75
-11
-30
-14
-13
-3
-34
-35
15
-6
-31
-22
-18
-37
-8
-43
-33
-38
-112
-78
-22
-13
-35
-30
-46
-34
-20
-59
-61
-104
-34
-32
-54
-24
-37
-14
-31
-18
5
37
99
171
164
145
97
129
90
35
60
95
69
43
56
-15
-23
5
24
-69
27
-39
-69
-42
-22
-35
-42
-32
-75
-9
-47
-37
31
97
117
175
144
138
109
131
77
66
89
79
106
91
39
52
55
71
73
35
40
57
66
54
53
51
62
70
105
87
118
84
-1
12
47
39
6
15
-6
-60
-25
-38
-30
1
11
-52
-32
-5
3
21
-8
-9
27
2
-16
4
6
-3
5
23
24
19
28
17
-48
4
6
-18
-33
-27
-52
-96
-54
-43
-56
-29
-22
-39
-29
-28
-17
-106
-60
-53
-25
-3
15
-5
-55
-27
-32
-32
-22
-45
-6
-18
-63
-61
-48
-29
3
-10
-57
-85
-31
-146
-31
-85
-35
-62
-85
-84
-60
-73
-29
-50
-49
-52
-7
-64
-25
-36
-63
-36
-87
-96
-71
-59
-31
-72
15
-66
-88
-52
-33
-72
-68
-96
-94
-69
-57
-62
-45
-101
-88
-5
-15
-85
-48
-77
-48
-53
-30
-72
-79
-93
-70
-101
-127
-122
-77
-44
-102
-41
-26
-9
-9
-55
-66
-62
-39
-53
-87
-55
-70
-47
-1
-105
-22
-42
12
-18
-67
-69
-65
-63
-76
-138
-84
-90
-87
-102
-11
-90
-78
-85
-46
-79
8
-38
-87
-90
-5
-101
-48
-12
-62
-37
-48
21
-63
-39
-33
-79
-37
-6
-72
-62
-27
-16
-33
-21
-19
-22
-17
2
-6
8
23
42
-9
24
63
1
45
7
23
26
22
21
10
20
30
38
2
22
-20
-4
51
4
17
52
42
45
42
60
-62
-61
-86
-80
-7
-5
-95
-63
-28
-86
-27
-82
-7
-59
-57
-112
-19
-73
-51
-70
-39
-42
-8
-23
-27
-79
-77
-32
-50
-44
-36
-40
-67
-112
-95
-38
-29
-13
-57
-119
-67
-61
-63
-99
-87
-77
-47
-43
-112
-77
-86
-82
-95
-111
-58
-27
-56
-18
-84
-49
-62
-65
-82
-62
-78
-67
-89
-20
-53
-42
-70
-4
-29
-53
-50
-96
-113
-80
-104
-51
-75
-79
-29
-86
-143
-58
-56
-70
-108
-103
-91
-153
-101
-140
-176
-160
-61
-17
-42
-9
-33
-18
-30
-15
-23
-60
-72
-50
-13
-55
-47
-76
-40
-45
4
-9
-41
-33
-11
-43
-75
-33
-46
-43
-39
-34
-51
-38
-4
14
32
-56
24
13
26
28
23
19
-7
0
-1
14
47
-12
-18
22
-5
12
-1
49
29
29
20
51
42
43
51
51
62
69
-70
-55
-27
-48
-1
-49
-93
-68
-75
-87
-144
-74
-69
-62
-23
-72
-96
-92
-66
-125
-74
-27
-54
-66
-72
-120
-72
-118
-84
-93
-78
-119
-37
-23
-11
-37
11
7
-13
-24
-22
37
-14
-7
-26
-8
32
27
13
-27
6
14
-62
5
-4
8
1
37
13
-5
10
26
14
24
-90
-17
-14
-14
-45
-34
-62
-41
-21
-11
-18
-36
-119
5
-26
-27
-14
-78
-80
-43
-47
-46
-63
14
-35
-65
-1
-19
-11
-7
-6
1
-39
-96
-105
-21
-17
-149
-53
-22
-56
-34
-16
-97
-66
-49
-70
-34
-39
-53
-84
-41
-56
-48
-61
-73
-114
-45
-86
-87
-94
-101
-90
-87
-45
-94
-101
-103
-38
-16
-2
-66
-64
-31
-37
2
-45
-30
-49
-107
-67
-51
4
-72
-33
-40
-167
-135
-107
-72
-119
-96
-57
-170
-111
-120
-124
-29
-33
-31
-6
43
-34
-44
-10
-59
-62
-50
-43
-89
-75
-66
-13
-35
-35
-35
-12
-39
-91
-59
-46
-57
-111
-55
-58
-74
-76
-83
-139
-88
-39
-67
-1
3
-40
-105
-35
-75
-91
-91
-46
-86
-75
-34
-48
-52
-43
-40
-24
-51
-47
-56
-9
-64
-111
-53
-65
-80
-74
-80
-97
-65
-136
-49
-30
12
-98
-39
-36
-72
-56
-57
-48
-102
-56
-71
-53
-79
-87
-86
-38
-84
-58
-91
-131
-84
-98
-162
-125
-139
-100
-135
-74
-83
-135
-92
-85
-69
-58
-65
-29
-32
-41
-71
-11
-69
-105
-25
-52
-107
3
-33
-54
-38
-38
-64
-78
-94
-99
-84
-174
-119
-127
-141
-93
-105
-54
-49
14
-39
-41
-113
16
-33
-41
-2
-14
-12
-28
15
-72
-84
-43
-47
11
-23
-45
-7
-5
-1
-12
-42
-8
-15
9
1
-86
-15
-43
5
25
-32
-3
-9
-45
-25
-49
-16
62
-2
-28
-24
-27
-27
-16
-83
-23
-8
-54
5
-12
-55
-25
-23
-7
16
6
11
-69
-54
-9
-25
-52
-16
-24
7
-51
-24
-49
-95
-79
-19
-108
-72
-54
-65
-96
-46
-66
-91
-76
-36
-36
-60
-67
-103
-116
-107
-121
-117
-68
-79
-60
-139
-6
-61
-20
31
-53
-76
-68
-67
-85
-83
-115
-72
-67
-69
-38
-114
-81
-67
-158
-94
-63
-54
-66
-148
-173
-142
-143
-153
-37
-19
-56
-68
-18
-57
-20
53
-7
-38
-31
-61
-30
-47
-36
-93
-40
-23
-60
-36
-24
-13
-42
-66
-42
-4
-34
-108
-55
-56
-57
-49
-55
-117
-34
-42
-47
3
-3
19
8
-32
-18
39
-30
33
-21
-22
-6
-28
3
-21
-28
16
-47
-10
-57
-3
-18
2
-30
-1
-3
9
36
57
-43
-6
-51
35
-16
20
29
-82
-84
-21
41
-41
-2
54
-24
9
-45
2
-16
44
-17
-23
-14
50
119
44
-56
-18
-68
-22
33
75
14
34
-59
79
36
-9
43
-41
-47
-8
8
3
-2
54
1
-3
-73
-23
-7
1
-9
-24
-5
36
113
37
-82
-74
-144
-95
-53
3
-23
-11
-65
-9
0
-20
-23
-30
-15
-48
-15
-60
-48
-7
-78
-90
-9
-7
-1
-39
11
-18
-24
-95
-51
-55
-41
-47
-24
-40
-76
-24
-75
-34
-84
-32
-60
-40
7
-59
-139
-79
-73
-77
-28
-32
-71
8
-50
26
-5
-25
-76
-77
-59
-66
-154
-137
-137
-207
-115
-249
-59
3
52
-12
-34
20
51
8
54
124
185
104
97
113
95
111
97
178
143
107
59
49
40
88
54
60
21
2
2
23
1
-2
93
71
56
-26
-21
12
-18
31
93
251
212
161
163
206
168
119
141
197
183
215
145
152
163
148
125
109
120
51
12
9
-2
-25
233
228
194
194
172
168
213
195
176
225
184
283
228
248
243
262
218
197
273
199
237
210
216
240
215
243
248
257
263
277
271
276
222
180
196
123
161
182
162
167
172
202
228
230
257
216
156
206
167
238
146
198
222
167
215
231
203
222
213
190
209
203
224
207
214
241
188
202
190
200
195
210
251
186
289
274
289
267
217
220
247
275
233
244
265
260
264
232
203
253
271
258
265
283
272
276
254
211
213
181
184
176
193
195
218
182
255
252
272
234
232
245
226
273
220
239
185
210
217
203
245
257
238
244
233
241
244
255
213
157
94
95
59
104
139
111
100
162
164
212
133
133
197
188
157
148
117
127
139
127
137
112
175
101
160
150
164
155
161
171
195
89
110
57
-22
46
88
108
42
136
118
123
146
118
144
138
81
125
82
136
70
67
94
75
108
66
129
142
96
123
130
124
177
118
89
21
25
-26
45
49
50
74
37
139
80
128
25
79
42
37
66
45
52
-28
12
52
-13
4
20
48
-11
12
-7
4
121
189
140
147
133
117
152
169
107
161
180
114
148
152
148
148
152
176
140
156
139
141
168
174
132
175
180
192
208
208
209
216
128
67
110
102
102
91
70
97
113
122
73
81
85
112
93
107
65
31
92
114
61
95
77
116
106
119
113
124
133
151
145
157
82
-9
38
-59
-29
-18
11
-25
11
45
-19
35
-4
59
45
-17
-14
15
-22
30
-3
36
-58
-19
-53
7
28
-24
-25
17
22
18
127
93
89
49
53
64
62
48
56
73
105
83
112
84
92
58
125
75
95
61
53
76
101
59
85
76
102
118
125
128
144
130
131
128
101
109
51
119
118
111
108
121
84
134
134
116
129
140
119
125
105
114
103
130
110
140
122
154
129
173
160
180
177
183
17
17
10
-63
-55
-35
-39
-53
0
11
-38
16
25
-60
-6
9
10
-37
-1
41
24
-58
22
-35
-23
-19
3
-9
3
4
21
11
72
2
18
35
8
30
15
14
17
32
3
26
-2
21
6
38
30
28
24
63
-7
32
-6
70
42
27
-3
63
38
62
57
69
125
24
59
47
39
51
65
42
55
59
31
45
91
65
88
70
90
64
66
83
95
89
59
105
65
95
99
110
103
128
109
128
66
32
40
40
22
27
40
51
48
15
71
48
64
54
58
66
64
15
63
87
17
44
31
58
46
54
72
84
98
99
110
106
52
51
39
47
44
6
30
71
29
28
39
15
39
25
58
22
58
54
52
57
57
41
34
18
66
67
83
100
96
116
110
117
134
160
173
240
203
98
194
214
222
181
73
57
44
209
164
112
86
65
70
84
79
89
50
92
35
124
113
126
125
130
142
132
97
55
97
76
42
65
45
45
50
49
96
36
104
115
78
89
97
87
44
37
68
68
86
44
108
94
97
89
111
104
126
102
44
-37
-5
6
6
-34
-16
-18
-13
33
-63
-28
6
-1
2
-17
-34
-21
11
-14
-49
-28
-30
-73
21
-40
-10
-15
-33
-45
-28
-22
-35
-80
16
13
29
-34
-39
-35
-19
18
-3
-23
-12
-57
-16
-58
-45
-6
19
-60
-18
-53
-9
-9
-25
-11
3
-28
13
-27
0
-22
1
6
14
3
17
-64
28
12
-6
10
6
-31
1
14
-20
34
14
-15
-11
19
3
12
-23
9
-1
17
34
36
53
42
52
40
68
49
77
72
42
80
62
63
61
105
68
32
62
82
73
119
72
62
88
92
72
89
74
84
53
94
87
102
94
132
103
128
4
6
-52
-124
-44
-70
-65
-55
-34
-44
-85
-65
-72
-82
16
5
-66
3
-51
-47
-69
-50
-24
-57
-59
-31
-68
-55
9
-21
1
-6
-8
-23
-14
-15
-28
4
-23
-21
-30
-3
0
-7
-35
-36
12
8
-20
7
-5
-23
-37
-18
11
-54
4
-25
37
27
34
45
41
40
53
24
60
17
27
56
31
45
36
33
65
43
20
42
76
58
76
47
35
58
56
61
85
75
44
86
81
85
102
110
108
113
-16
-116
-102
-68
-119
-117
-103
-57
-78
-124
-39
-56
-43
-29
-98
-67
-83
-25
-99
-102
-16
-75
-24
-113
-38
-21
-69
-137
-49
-92
-52
-75
-25
-23
-30
-85
-36
-65
-35
-50
-17
-29
-31
-12
-11
12
-19
-7
-95
35
-19
22
-29
-35
10
14
7
26
-13
15
-25
31
1
23
-91
-101
-85
-76
-81
-67
-115
-51
-80
-125
-19
-69
-119
-40
-40
-80
-43
-82
-58
-97
9
-20
-17
-124
-40
-11
-81
-50
-57
-81
-85
-81
-122
-111
-86
-129
-90
-194
-137
-95
-107
-95
-95
-95
-107
-50
-93
-78
-95
-95
-12
-81
-110
-52
-64
-45
-88
-108
-98
-125
-96
-220
-241
-297
-119
-85
-106
-78
-99
-195
-158
-112
-108
-99
-151
-109
-93
-41
-76
-126
-44
-129
-89
-96
-96
-107
-50
-82
-76
-88
-114
-161
-155
-232
-198
-271
-78
-76
-24
-75
-63
-83
-56
-14
-104
-5
8
-37
-34
-61
-36
-12
-55
-51
-56
-8
-6
-59
-8
-54
-30
6
-28
-12
-40
-29
-43
-16
-129
-77
-96
-31
-84
-109
-57
-62
-47
-108
-137
-105
-44
-56
-120
-93
-51
-77
-97
-43
-118
-41
-93
-37
-36
-51
-31
-49
-70
-74
-85
-80
-81
-97
-97
-103
-106
-97
-122
-85
-81
-88
-16
-79
-97
-86
-104
-130
-49
-98
-39
-103
-83
-58
-122
-48
-58
-105
-113
-64
-102
-123
-102
-110
-25
-109
-77
-105
-64
-91
-149
-69
-125
-75
-107
-65
-79
-69
-85
-132
-123
-97
-134
-74
-103
-120
-87
-91
-67
-68
-121
-154
-144
-195
-189
-176
-33
9
-33
-10
-14
-17
41
-4
-39
1
-16
-1
16
5
9
-6
-6
9
-17
22
6
10
-7
8
-16
-2
3
20
41
28
8
40
-24
20
-26
-3
-13
-3
10
-14
3
-2
-36
-20
17
5
-46
10
19
58
6
10
-13
45
32
50
-17
54
24
47
9
54
37
55
-29
-57
-26
-59
-69
-30
-14
-107
-76
-94
-75
-66
-52
-43
-57
-52
-5
-24
-39
-55
-62
-32
-41
-26
-7
10
-36
-58
-34
-12
-23
-8
-43
-87
-104
-134
-148
-53
-35
-80
-85
-81
-105
-113
-145
-144
-78
-80
-42
-30
-85
-70
8
-51
-56
-31
-78
-81
-120
-112
-65
-137
-74
-137
-68
-117
-64
-48
-101
-83
-42
-46
-71
-10
-58
-54
-64
-47
-46
-45
-21
-29
8
-10
6
5
-79
-137
-16
-82
-38
-44
-34
-23
-17
-26
-118
-12
-65
-42
-91
-92
-64
-74
-36
-66
-48
-67
-54
-79
-36
-57
-59
-28
-25
22
-12
-67
12
-92
-72
-69
-67
-24
-28
-40
-38
-26
82
284
220
310
278
274
177
112
81
174
261
201
36
-24
11
48
107
45
-10
41
62
-21
142
86
77
-101
13
-38
-21
10
-49
-79
111
289
259
306
275
272
168
128
68
164
268
197
92
18
47
83
89
90
69
47
84
37
146
92
85
-4
13
32
38
29
34
46
-41
32
65
99
64
48
-35
-2
-26
18
42
81
-55
52
54
21
-15
9
0
-3
-21
5
-27
46
5
-8
17
24
46
52
61
50
22
38
68
73
115
29
20
-30
16
-1
-13
-56
9
-1
-14
13
-20
9
-16
-26
-20
-39
-47
14
-43
-19
-17
3
15
26
7
20
-39
21
64
28
52
9
27
29
-8
20
15
54
-7
7
58
54
14
20
4
34
46
25
29
24
38
52
48
46
33
27
55
48
-25
-6
-6
-25
-11
-16
-4
85
20
27
56
9
35
-40
29
21
4
-26
-13
-9
-6
-34
12
14
11
-32
-26
4
-16
9
-37
-19
66
3
-74
-34
34
-43
-29
-25
1
-71
-1
-16
0
-23
-22
-6
-19
-4
-70
-23
-31
-20
-64
-15
3
-21
7
7
28
22
35
13
72
46
47
43
4
35
67
42
81
51
61
72
41
63
73
98
65
70
80
74
67
76
80
86
66
85
75
114
106
111
113
128
-3
-69
-80
-27
-34
-105
-14
-24
-74
-67
-109
-69
-70
-40
-16
-98
-107
-145
-56
-58
-56
-66
-23
-48
-69
-101
-38
-69
6
-45
-23
-41
-29
-92
-90
-71
-82
-48
6
-43
-29
-80
-126
-51
-88
-140
-59
-143
-104
-133
-95
-149
-59
-109
-43
-101
-68
-62
-107
-102
-114
-113
-100
-114
-12
-17
-64
-33
-28
5
2
0
-2
-28
-28
-44
-21
8
-32
-29
24
-1
0
-43
-15
-2
0
-5
15
-4
-26
36
9
33
29
36
13
36
27
28
30
44
24
64
64
45
36
21
69
49
35
69
52
53
27
44
29
77
58
85
87
49
82
93
79
91
75
106
-11
-53
-60
-77
-22
-66
-38
-65
-59
-46
-52
-52
-74
-42
-68
-96
-61
-51
6
-57
8
-31
-58
-39
-28
-81
-18
-18
4
-37
-12
-19
-25
-5
21
-28
-27
13
36
-6
-1
5
-9
14
-7
-5
31
3
15
-20
40
15
-74
40
33
1
12
31
32
45
34
60
53
64
