-14
-14
9
-44
-25
6
-8
7
-10
5
-21
-25
-22
-4
6
-25
46
-3
20
-4
1
-8
-20
40
-1
20
29
28
41
43
37
55
-45
-58
-60
-60
-34
-70
-86
-54
-61
-44
-46
-82
-132
-59
-93
-39
-49
-83
-162
-126
-83
-52
-57
-76
-24
-62
-74
-74
-87
-76
-65
-76
1
-37
-11
-10
-75
-36
-24
-18
-59
-32
-67
-53
-69
-92
-62
-56
-34
-41
-24
-49
-36
-7
3
-67
-45
-9
-76
-12
-31
-15
-15
-3
-35
-34
14
-4
-28
-22
-18
-38
-9
-43
-34
-39
-113
-79
-22
-15
-35
-31
-47
-34
-20
-60
-62
-105
-35
-34
-55
-25
-38
-15
-33
-18
4
38
98
173
167
145
97
128
89
35
59
94
68
42
56
-17
-23
4
23
-69
27
-40
-70
-43
-23
-37
-43
-33
-76
-10
-49
-37
30
98
116
177
147
138
109
130
76
66
88
78
105
90
39
50
55
70
72
35
40
56
65
53
52
49
61
69
104
86
116
84
-2
13
46
41
9
15
-6
-61
-26
-38
-31
0
10
-53
-32
-7
3
20
-9
-9
27
1
-17
3
5
-5
4
22
23
18
26
17
-49
5
5
-16
-30
-27
-52
-97
-55
-43
-57
-30
-23
-40
-29
-30
-17
-107
-61
-53
-25
-4
14
-6
-56
-29
-33
-33
-23
-46
-8
-18
-64
-60
-49
-27
6
-10
-57
-86
-32
-146
-32
-86
-36
-63
-85
-86
-60
-74
-30
-50
-49
-53
-8
-65
-26
-38
-64
-37
-88
-97
-73
-59
-32
-71
14
-64
-85
-52
-33
-73
-69
-96
-95
-70
-58
-63
-45
-103
-88
-6
-16
-85
-48
-78
-49
-54
-31
-74
-80
-94
-71
-102
-129
-122
-78
-43
-103
-39
-23
-9
-9
-56
-67
-62
-40
-54
-88
-56
-70
-49
-1
-106
-23
-42
12
-19
-68
-70
-66
-65
-77
-139
-85
-91
-89
-102
-12
-89
-79
-83
-43
-79
8
-39
-88
-90
-6
-102
-49
-13
-62
-39
-48
20
-64
-39
-33
-80
-38
-7
-73
-64
-28
-17
-34
-22
-21
-22
-18
3
-7
10
26
42
-9
23
62
1
44
6
22
25
22
19
10
19
29
38
2
21
-21
-5
50
2
16
51
41
44
40
60
-63
-60
-87
-78
-4
-5
-95
-64
-29
-86
-28
-83
-8
-60
-57
-114
-19
-74
-52
-70
-39
-43
-9
-24
-28
-81
-78
-33
-51
-45
-38
-40
-68
-111
-96
-36
-26
-13
-57
-120
-68
-61
-64
-100
-88
-78
-47
-45
-112
-78
-87
-82
-95
-112
-59
-28
-57
-20
-85
-50
-63
-66
-84
-62
-79
-66
-90
-18
-50
-42
-70
-5
-30
-53
-51
-97
-114
-81
-104
-53
-75
-80
-30
-86
-143
-59
-57
-71
-109
-105
-92
-154
-102
-141
-178
-160
-62
-16
-43
-7
-30
-18
-30
-16
-24
-60
-73
-51
-14
-56
-47
-78
-40
-46
3
-9
-41
-34
-12
-44
-76
-35
-47
-44
-40
-35
-53
-38
-5
15
31
-54
27
13
26
27
22
19
-8
-1
-2
13
47
-14
-18
21
-6
12
-1
48
28
28
19
49
41
42
50
50
60
69
-71
-54
-28
-46
2
-49
-93
-69
-76
-87
-145
-75
-70
-63
-23
-74
-96
-93
-67
-125
-74
-28
-55
-67
-73
-122
-73
-119
-85
-94
-80
-119
-38
-22
-12
-35
14
7
-13
-25
-23
37
-15
-8
-27
-9
32
25
13
-28
5
14
-62
4
-5
7
0
35
12
-6
9
25
12
24
-91
-16
-15
-12
-42
-34
-62
-42
-22
-11
-19
-37
-120
4
-26
-29
-14
-79
-81
-43
-47
-47
-64
13
-36
-67
-2
-20
-12
-8
-8
1
-40
-95
-106
-19
-14
-149
-53
-23
-57
-34
-17
-98
-67
-50
-70
-36
-39
-54
-85
-41
-56
-49
-62
-74
-115
-47
-87
-88
-95
-102
-92
-87
-46
-93
-102
-101
-35
-16
-2
-67
-65
-31
-38
1
-46
-31
-49
-109
-67
-52
3
-72
-33
-41
-168
-136
-108
-74
-120
-97
-58
-171
-113
-120
-125
-28
-34
-29
-3
43
-34
-45
-11
-59
-63
-51
-44
-90
-75
-68
-13
-36
-36
-35
-12
-40
-92
-60
-47
-59
-112
-56
-59
-75
-78
-83
-140
-87
-40
-65
2
3
-40
-106
-36
-75
-92
-92
-47
-87
-75
-36
-48
-53
-44
-40
-24
-52
-48
-57
-10
-66
-112
-54
-66
-81
-76
-80
-98
-64
-137
-47
-27
12
-98
-40
-37
-72
-57
-58
-49
-103
-56
-73
-53
-80
-88
-86
-38
-85
-59
-92
-132
-86
-99
-163
-126
-140
-102
-135
-75
-82
-136
-90
-82
-69
-58
-66
-30
-32
-42
-72
-12
-70
-105
-27
-52
-108
2
-33
-54
-39
-39
-65
-79
-96
-100
-85
-175
-120
-129
-141
-94
-104
-55
-47
17
-39
-41
-114
15
-33
-42
-3
-15
-13
-28
13
-72
-85
-44
-47
11
-24
-46
-8
-6
-3
-13
-43
-9
-16
7
1
-87
-14
-44
7
28
-32
-3
-10
-46
-25
-50
-17
61
-3
-28
-26
-27
-28
-17
-83
-23
-9
-55
4
-13
-57
-26
-24
-8
15
4
11
-70
-53
-10
-23
-49
-16
-24
6
-52
-24
-50
-96
-80
-20
-108
-74
-54
-66
-97
-46
-66
-92
-77
-37
-37
-62
-68
-104
-117
-108
-123
-117
-69
-78
-61
-137
-3
-61
-20
30
-54
-76
-69
-68
-86
-84
-115
-74
-67
-70
-39
-114
-81
-68
-159
-95
-64
-56
-67
-149
-174
-143
-145
-153
-38
-18
-57
-66
-15
-57
-20
52
-8
-38
-32
-62
-31
-48
-36
-95
-40
-24
-61
-36
-24
-14
-43
-67
-43
-6
-35
-109
-56
-57
-59
-49
-56
-116
-35
-40
-44
3
-3
18
7
-32
-19
38
-31
32
-21
-24
-6
-29
2
-21
-28
15
-48
-11
-58
-5
-19
1
-31
-2
-5
9
35
58
-44
-4
-48
35
-16
19
28
-82
-85
-22
40
-42
-2
52
-24
8
-46
2
-16
43
-18
-24
-15
48
118
43
-57
-19
-70
-22
32
76
13
36
-56
79
36
-10
42
-41
-48
-9
7
2
-2
52
1
-4
-74
-23
-7
0
-10
-25
-6
34
112
36
-83
-75
-146
-95
-54
4
-24
-9
-62
-9
0
-21
-24
-30
-16
-49
-16
-61
-48
-9
-78
-91
-10
-7
-1
-40
10
-19
-25
-97
-52
-56
-42
-48
-26
-40
-77
-23
-76
-32
-81
-32
-60
-41
6
-59
-140
-80
-74
-78
-28
-34
-71
7
-51
26
-5
-26
-77
-78
-60
-68
-155
-138
-138
-208
-117
-249
-60
4
51
-10
-31
20
51
7
53
124
184
103
96
112
95
109
97
177
142
107
59
48
39
87
53
58
20
1
1
22
-1
-2
92
72
55
-24
-18
12
-18
30
92
251
211
160
162
205
168
117
141
196
182
215
145
151
162
147
124
107
119
50
11
8
-4
-25
232
229
193
196
175
168
213
194
175
225
183
282
227
247
243
260
218
196
272
199
237
209
215
239
214
241
247
256
262
276
269
276
221
181
195
125
164
182
162
166
171
202
227
229
256
215
156
204
167
237
145
198
222
166
214
230
202
220
212
189
208
202
222
207
213
242
187
204
193
200
195
209
250
186
288
273
288
266
217
218
247
274
232
244
265
259
263
231
202
251
270
257
264
282
270
276
253
212
212
183
187
176
193
194
217
182
254
251
271
233
232
243
226
272
219
239
185
209
216
202
244
255
237
243
232
240
242
255
212
158
93
97
62
104
139
110
99
162
163
211
132
132
197
186
157
147
116
127
139
126
136
111
174
99
159
149
163
154
159
171
194
90
109
59
-19
46
88
107
41
136
117
122
145
117
144
136
81
124
81
136
70
66
93
74
107
64
128
141
95
122
128
124
176
119
88
23
28
-26
45
48
49
74
36
138
79
127
25
77
42
36
65
45
52
-29
11
51
-14
2
19
47
-12
11
-9
4
120
190
139
149
136
117
152
168
106
161
179
113
147
151
148
146
152
175
139
156
139
140
167
173
131
173
179
191
207
207
207
216
127
68
109
104
105
91
70
96
112
122
72
80
84
111
93
105
65
30
91
114
61
94
76
115
105
117
112
123
132
150
143
157
81
-8
37
-57
-26
-18
11
-26
10
45
-20
34
-5
58
45
-19
-14
14
-23
30
-3
35
-59
-20
-54
5
27
-25
-26
16
20
18
126
94
88
51
56
64
62
47
55
73
104
82
111
83
92
56
125
74
94
61
53
75
100
58
84
74
101
117
124
127
142
130
130
129
100
111
54
119
118
110
107
121
83
133
133
115
129
138
119
124
104
114
103
129
109
139
121
152
128
172
159
179
175
183
16
18
9
-61
-52
-35
-39
-54
-1
11
-39
15
24
-61
-6
7
10
-38
-2
41
24
-59
21
-36
-24
-21
2
-10
2
3
19
11
71
3
17
37
11
30
15
13
16
32
2
25
-3
20
6
36
30
27
23
63
-7
31
-7
69
41
25
-4
62
37
61
55
69
124
25
58
49
42
51
65
41
54
59
30
44
90
64
88
68
90
63
65
83
95
88
58
104
64
93
98
109
102
127
107
128
65
33
39
42
25
27
40
50
47
15
70
47
63
53
58
64
64
14
62
87
17
43
30
57
45
52
71
83
97
98
108
106
51
52
38
49
47
6
30
70
28
28
38
14
38
24
58
20
58
53
51
57
57
40
33
17
65
65
82
99
95
115
108
117
133
161
172
242
206
98
194
213
221
181
72
56
43
208
164
110
86
64
69
84
79
88
49
91
34
122
112
125
124
129
140
132
96
56
96
78
45
65
45
44
49
49
95
35
103
114
78
87
97
86
43
37
68
67
85
43
107
92
96
88
110
103
124
102
43
-36
-6
8
9
-34
-16
-19
-14
33
-64
-29
5
-2
2
-19
-34
-22
10
-14
-49
-29
-31
-74
20
-42
-11
-16
-34
-46
-30
-22
-36
-79
15
15
32
-34
-39
-36
-20
18
-4
-24
-13
-58
-16
-60
-45
-7
18
-60
-18
-54
-10
-10
-26
-13
2
-29
12
-28
-2
-22
0
7
13
5
20
-64
28
11
-7
10
5
-32
0
13
-20
32
14
-16
-12
19
3
11
-24
8
-2
15
33
35
52
41
50
40
67
50
76
74
45
80
62
62
60
105
67
31
61
81
73
117
72
61
87
92
72
88
73
83
52
92
86
101
93
131
101
128
3
7
-53
-122
-41
-70
-65
-56
-35
-44
-86
-66
-73
-83
16
3
-66
2
-52
-47
-69
-51
-25
-58
-60
-33
-69
-56
8
-22
-1
-6
-9
-22
-15
-13
-25
4
-23
-22
-31
-3
-1
-8
-36
-37
12
6
-20
6
-6
-23
-37
-19
10
-55
3
-27
36
26
33
44
39
40
52
25
59
19
30
56
31
44
35
33
64
42
19
41
76
56
76
46
34
58
56
60
84
74
43
84
80
84
101
109
106
113
-17
-115
-103
-66
-116
-117
-103
-58
-79
-124
-40
-57
-44
-30
-98
-69
-83
-26
-100
-102
-16
-76
-25
-114
-39
-23
-70
-138
-50
-93
-54
-75
-26
-22
-31
-83
-33
-65
-35
-51
-18
-29
-32
-13
-12
11
-19
-9
-95
34
-20
22
-29
-36
9
13
6
24
-14
14
-26
30
-1
23
-92
-100
-86
-74
-78
-67
-115
-52
-81
-125
-20
-70
-120
-41
-40
-82
-43
-83
-59
-97
9
-21
-18
-125
-41
-13
-82
-51
-58
-82
-87
-81
-123
-110
-87
-127
-87
-194
-137
-96
-108
-95
-96
-96
-108
-51
-93
-80
-95
-96
-13
-81
-110
-53
-65
-46
-89
-110
-99
-126
-97
-221
-243
-297
-120
-84
-107
-76
-96
-195
-158
-113
-109
-99
-152
-110
-94
-42
-76
-128
-44
-130
-90
-96
-96
-108
-51
-83
-77
-90
-115
-162
-156
-233
-200
-271
-79
-75
-25
-73
-60
-83
-56
-15
-105
-5
7
-38
-35
-62
-36
-14
-55
-52
-57
-8
-6
-60
-9
-55
-31
4
-29
-13
-41
-30
-45
-16
-130
-76
-97
-29
-81
-109
-57
-63
-48
-108
-138
-106
-45
-57
-120
-95
-51
-78
-98
-43
-118
-42
-94
-38
-37
-53
-32
-50
-71
-75
-87
-80
-82
-96
-98
-101
-103
-97
-122
-86
-82
-88
-17
-80
-98
-87
-104
-132
-49
-99
-40
-103
-83
-59
-123
-49
-59
-107
-114
-65
-103
-124
-104
-110
-26
-108
-78
-103
-61
-91
-149
-70
-126
-75
-108
-66
-80
-70
-85
-134
-123
-98
-135
-74
-103
-121
-88
-92
-68
-70
-122
-155
-145
-196
-191
-176
-34
10
-34
-8
-11
-17
41
-5
-40
1
-17
-2
15
4
9
-8
-6
8
-18
22
6
9
-8
7
-17
-4
2
19
40
27
6
40
-25
21
-27
-1
-10
-3
10
-15
2
-2
-37
-21
16
4
-46
8
19
57
5
10
-13
44
31
49
-18
52
23
46
8
53
35
55
-30
-56
-27
-57
-66
-30
-14
-108
-77
-94
-76
-67
-53
-44
-57
-54
-5
-25
-40
-55
-62
-33
-42
-27
-8
8
-37
-59
-35
-13
-25
-8
-44
-86
-105
-132
-145
-53
-35
-81
-86
-81
-106
-114
-146
-145
-78
-82
-42
-31
-86
-70
8
-52
-57
-32
-79
-83
-121
-113
-66
-138
-76
-137
-69
-116
-65
-46
-98
-83
-42
-47
-72
-10
-59
-55
-65
-48
-46
-47
-21
-30
7
-10
6
4
-80
-138
-17
-84
-39
-45
-35
-24
-19
-26
-119
-11
-66
-40
-88
-92
-64
-75
-37
-66
-49
-68
-55
-80
-36
-59
-59
-29
-26
22
-12
-68
11
-93
-73
-71
-68
-25
-29
-41
-40
-26
81
285
219
312
281
274
177
111
80
174
260
200
35
-25
11
46
107
44
-11
41
62
-22
141
85
76
-103
12
-39
-22
9
-51
-79
110
290
258
308
278
272
168
127
67
164
267
196
91
17
47
81
89
89
68
47
84
36
145
91
84
-6
12
31
37
28
32
46
-42
33
64
101
67
48
-35
-3
-27
18
41
80
-56
51
54
19
-15
8
-1
-3
-21
4
-28
45
4
-10
16
23
45
51
59
50
21
39
67
75
118
29
20
-31
15
-1
-14
-57
8
-2
-14
11
-20
8
-17
-26
-20
-40
-48
13
-44
-21
-18
2
14
25
5
20
-40
22
63
30
55
9
27
28
-9
20
14
53
-8
6
58
52
14
19
3
34
46
24
28
23
37
50
47
45
32
26
53
48
-26
-5
-7
-23
-8
-16
-4
84
19
27
55
8
34
-41
29
19
4
-27
-14
-9
-6
-35
11
13
10
-34
-27
3
-17
8
-39
-19
65
4
-75
-32
37
-43
-29
-26
0
-71
-2
-17
-1
-24
-22
-8
-19
-5
-71
-23
-31
-21
-65
-16
2
-23
6
6
27
21
33
13
71
47
46
45
7
35
67
41
80
51
60
71
40
62
73
96
65
69
79
74
67
75
79
85
65
83
74
113
105
110
111
128
-4
-68
-81
-25
-31
-105
-14
-25
-75
-67
-110
-70
-71
-41
-16
-100
-107
-146
-57
-58
-56
-67
-24
-49
-70
-103
-39
-70
5
-46
-25
-41
-30
-91
-91
-69
-79
-48
6
-44
-30
-80
-127
-52
-89
-141
-59
-145
-104
-134
-96
-149
-59
-110
-44
-102
-69
-64
-108
-103
-115
-114
-102
-114
-13
-16
-65
-31
-25
5
2
-1
-3
-28
-29
-45
-22
7
-32
-31
24
-2
-1
-43
-15
-3
-1
-6
14
-6
-27
35
8
32
27
36
12
37
26
30
33
44
24
63
63
45
35
20
68
48
35
67
52
52
26
44
29
76
57
84
86
47
81
92
78
90
73
106
-12
-52
-61
-75
-19
-66
-38
-66
-60
-46
-53
-53
-75
-43
-68
-98
-61
-52
5
-57
8
-32
-59
-40
-29
-83
-19
-19
3
-38
-14
-19
-26
-4
20
-26
-24
13
36
-7
-2
5
-10
13
-8
-6
31
1
15
-21
39
15
-74
39
32
0
11
29
31
44
33
59
51
64
-40
-48
-15
-65
-102
-51
-83
-17
-6
-48
-37
-45
13
-8
-10
-18
-24
-46
-19
-14
-68
-5
-38
-18
-12
-20
-48
-25
-53
-28
-29
-12
-34
-86
-80
-71
-84
-23
-78
-25
-48
-94
-81
-73
-56
-64
-81
-44
-110
-36
-50
-17
-47
-43
-12
-42
-57
-21
-39
-45
-31
-34
-31
-21
-36
-89
-40
-96
-94
-30
-21
-115
-63
-94
-30
-49
-67
-71
-101
-90
-70
-36
-13
-57
-49
-71
-30
-70
0
-20
-6
-43
0
-24
-23
-26
-14
15
10
-15
-12
-6
12
-1
-13
-8
-28
11
-11
22
9
47
4
31
3
12
4
32
39
37
21
26
-4
34
43
47
52
58
-1
-11
-21
-1
-79
-45
-28
-3
-7
-12
-60
-16
-6
-53
-70
-20
20
3
-13
-5
-64
35
-30
4
-14
-19
23
33
22
31
11
30
