-34
-34
15
-5
-28
-21
-18
-36
-8
-42
-33
-38
-113
-79
-22
-14
-33
-31
-46
-35
-19
-59
-62
-105
-35
-33
-55
-25
-38
-14
-32
-18
5
38
99
172
167
146
97
130
90
36
60
95
68
42
56
-16
-21
4
24
-70
28
-39
-70
-43
-23
-36
-43
-33
-76
-9
-48
-37
31
98
117
176
147
139
109
132
77
67
89
79
105
90
39
51
57
70
73
34
41
57
65
53
52
50
61
69
104
87
117
84
-1
13
47
40
9
16
-6
-59
-25
-37
-30
1
10
-53
-32
-6
5
20
-8
-10
28
2
-17
3
5
-4
4
22
23
19
27
17
-48
5
6
-17
-30
-26
-52
-95
-54
-42
-56
-29
-23
-40
-29
-29
-15
-107
-60
-54
-24
-3
14
-6
-56
-28
-33
-33
-23
-45
-7
-18
-63
-60
-48
-28
6
-9
-57
-84
-31
-145
-31
-85
-36
-63
-85
-85
-58
-74
-29
-51
-48
-52
-8
-65
-26
-37
-64
-37
-88
-96
-72
-59
-31
-71
15
-65
-85
-51
-33
-71
-68
-95
-94
-69
-58
-63
-45
-102
-86
-6
-15
-86
-47
-77
-49
-54
-31
-73
-80
-94
-71
-101
-128
-122
-77
-43
-102
-40
-23
-8
-9
-54
-66
-61
-39
-53
-88
-56
-70
-48
1
-106
-22
-43
13
-18
-68
-70
-66
-64
-77
-139
-85
-90
-88
-102
-11
-89
-78
-84
-43
-78
8
-37
-87
-89
-5
-101
-49
-13
-62
-38
-46
20
-63
-40
-32
-79
-38
-7
-73
-63
-28
-17
-34
-21
-20
-22
-17
3
-6
9
26
43
-9
25
63
2
45
7
22
25
22
20
12
19
30
37
3
22
-21
-5
50
3
16
51
41
45
41
60
-62
-60
-86
-79
-4
-4
-95
-62
-28
-85
-27
-82
-8
-60
-57
-113
-17
-74
-51
-71
-38
-42
-9
-24
-28
-80
-78
-33
-51
-44
-37
-40
-67
-111
-95
-37
-26
-12
-57
-118
-67
-60
-63
-99
-88
-78
-47
-44
-110
-78
-86
-83
-94
-111
-59
-28
-57
-19
-85
-50
-63
-65
-83
-62
-78
-66
-89
-19
-50
-41
-70
-3
-29
-52
-50
-96
-114
-81
-104
-52
-73
-80
-29
-87
-142
-58
-57
-71
-109
-104
-92
-154
-102
-140
-177
-160
-61
-16
-42
-8
-30
-17
-30
-14
-23
-59
-72
-50
-14
-56
-47
-77
-38
-46
4
-10
-40
-33
-12
-44
-76
-34
-47
-44
-40
-34
-52
-38
-4
15
32
-55
27
14
26
29
23
20
-7
0
-2
13
47
-13
-16
21
-5
11
0
49
28
28
19
50
41
42
50
51
61
69
-70
-54
-27
-47
2
-48
-93
-67
-75
-86
-144
-74
-70
-63
-23
-73
-94
-93
-66
-126
-73
-27
-55
-67
-73
-121
-73
-119
-85
-93
-79
-119
-37
-22
-11
-36
14
8
-13
-23
-22
38
-14
-7
-27
-9
32
26
15
-28
6
13
-61
5
-5
7
0
36
12
-6
9
26
13
24
-90
-16
-14
-13
-42
-33
-62
-40
-21
-10
-18
-36
-120
4
-26
-28
-12
-79
-80
-44
-46
-46
-64
13
-36
-66
-2
-20
-12
-7
-7
1
-39
-95
-105
-20
-14
-148
-53
-21
-56
-33
-16
-97
-67
-50
-70
-35
-37
-54
-84
-42
-55
-48
-62
-74
-115
-46
-87
-88
-95
-101
-91
-87
-45
-93
-101
-102
-35
-15
-2
-65
-64
-30
-37
2
-46
-31
-49
-108
-65
-52
4
-73
-32
-40
-168
-136
-108
-73
-120
-97
-58
-170
-112
-120
-124
-28
-33
-30
-3
44
-34
-43
-10
-58
-62
-50
-44
-90
-75
-67
-11
-36
-35
-36
-11
-39
-92
-60
-47
-58
-112
-56
-59
-74
-77
-83
-139
-87
-39
-66
2
4
-40
-104
-35
-74
-91
-91
-47
-87
-75
-35
-46
-53
-43
-41
-23
-51
-48
-57
-10
-65
-112
-54
-66
-80
-75
-80
-97
-64
-136
-48
-27
13
-98
-38
-36
-71
-56
-57
-49
-103
-56
-72
-51
-80
-87
-87
-37
-84
-59
-92
-132
-85
-99
-163
-126
-139
-101
-135
-74
-82
-135
-91
-82
-68
-58
-64
-29
-31
-41
-71
-12
-70
-105
-26
-50
-108
3
-34
-53
-38
-39
-65
-79
-95
-100
-85
-175
-119
-128
-141
-93
-104
-54
-48
17
-38
-41
-112
16
-32
-41
-2
-15
-13
-28
14
-70
-85
-43
-48
12
-23
-46
-8
-6
-2
-13
-43
-9
-15
8
1
-86
-14
-43
6
28
-31
-3
-8
-45
-24
-49
-16
61
-3
-28
-25
-25
-28
-16
-84
-22
-8
-55
4
-13
-56
-26
-24
-8
16
5
11
-69
-53
-9
-24
-49
-15
-24
8
-51
-23
-49
-95
-80
-20
-108
-73
-52
-66
-96
-47
-65
-91
-77
-37
-37
-61
-68
-104
-117
-107
-122
-117
-68
-78
-60
-138
-3
-60
-20
32
-53
-75
-68
-67
-86
-84
-115
-73
-65
-70
-38
-115
-80
-67
-159
-95
-64
-55
-67
-149
-174
-142
-144
-153
-37
-18
-56
-67
-15
-56
-20
54
-7
-37
-31
-61
-31
-48
-36
-94
-38
-24
-60
-37
-23
-13
-43
-67
-43
-5
-35
-109
-56
-56
-58
-49
-55
-116
-34
-41
-44
4
-3
20
8
-31
-18
39
-31
32
-21
-23
-4
-29
3
-22
-27
16
-48
-11
-58
-4
-19
1
-31
-1
-4
9
36
58
-43
-5
-48
36
-16
21
29
-81
-84
-21
40
-42
-2
53
-22
8
-45
1
-15
44
-18
-24
-15
49
118
43
-57
-18
-69
-22
33
76
14
35
-56
80
36
-8
43
-40
-47
-8
7
2
-2
53
3
-4
-73
-24
-6
1
-10
-25
-6
35
112
36
-83
-74
-145
-95
-53
4
-23
-10
-62
-8
0
-19
-23
-29
-15
-48
-16
-61
-48
-8
-76
-91
-9
-8
0
-39
10
-19
-25
-96
-52
-56
-42
-47
-25
-40
-76
-23
-75
-33
-81
-31
-60
-39
7
-58
-139
-79
-74
-78
-28
-33
-69
7
-50
25
-4
-25
-77
-78
-60
-67
-155
-138
-138
-207
-116
-249
-59
4
52
-11
-31
21
51
9
54
125
185
104
96
112
95
110
99
177
143
106
60
49
39
87
53
59
20
1
1
23
0
-2
93
72
56
-25
-18
13
-18
32
93
252
212
161
162
205
168
118
143
196
183
214
146
152
162
147
124
108
119
50
11
9
-3
-25
233
229
194
195
175
169
213
196
176
226
184
283
227
247
243
261
220
196
273
198
238
210
215
239
214
242
247
256
262
277
270
276
222
181
196
124
164
183
162
168
172
203
228
230
256
215
156
205
169
237
146
197
223
167
214
230
202
221
212
189
208
203
223
207
214
242
188
203
193
201
195
211
251
187
289
274
288
266
217
219
249
274
233
243
266
260
263
231
202
252
270
257
264
283
271
276
254
212
213
182
187
177
193
196
218
183
255
252
271
233
232
244
228
272
220
238
186
210
216
202
244
256
237
243
232
241
243
255
213
158
94
96
62
105
139
112
100
163
164
212
132
132
197
187
159
147
117
126
140
127
136
111
174
100
159
149
163
155
160
171
195
90
110
58
-19
47
88
109
42
137
118
123
145
117
144
137
83
124
82
135
71
67
93
74
107
65
128
141
95
123
129
124
177
119
89
22
28
-25
45
50
50
75
37
139
79
127
25
78
44
36
66
44
53
-28
11
51
-14
3
19
47
-12
12
-8
4
121
190
140
148
136
118
152
170
107
162
180
114
147
151
148
147
154
175
140
155
140
141
167
173
131
174
179
191
207
208
208
216
128
68
110
103
105
92
70
98
113
123
73
81
84
111
93
106
67
30
92
113
62
95
76
115
105
118
112
123
132
151
144
157
82
-8
38
-58
-26
-17
11
-24
11
46
-19
35
-5
58
45
-18
-12
14
-22
29
-2
36
-59
-20
-54
6
27
-25
-26
17
21
18
127
94
89
50
56
65
62
49
56
74
105
83
111
83
92
57
127
74
95
60
54
76
100
58
84
75
101
117
124
128
143
130
131
129
101
110
54
120
118
112
108
122
84
134
133
115
129
139
121
124
105
113
104
130
109
139
121
153
128
172
159
180
176
183
17
18
10
-62
-52
-34
-39
-52
0
12
-38
16
24
-61
-6
8
12
-38
-1
40
25
-58
21
-36
-24
-20
2
-10
2
4
20
11
72
3
18
36
11
31
15
15
17
33
3
26
-3
20
6
37
32
27
24
62
-6
32
-7
69
41
26
-4
62
37
62
56
69
125
25
59
48
42
52
65
43
55
60
31
45
90
64
88
69
92
63
66
82
96
89
58
104
64
94
98
109
102
128
108
128
66
33
40
41
25
28
40
52
48
16
71
48
63
53
58
65
66
14
63
86
18
44
30
57
45
53
71
83
97
99
109
106
52
52
39
48
47
7
30
72
29
29
39
15
38
24
58
21
60
53
52
56
58
41
33
17
65
66
82
99
95
116
109
117
134
161
173
241
206
99
194
215
222
182
73
57
43
208
164
111
88
64
70
83
80
89
49
91
34
123
112
125
124
130
141
132
97
56
97
77
45
66
45
46
50
50
96
36
103
114
78
88
99
86
44
36
69
68
85
43
107
93
96
88
110
104
125
102
44
-36
-5
7
9
-33
-16
-17
-13
34
-63
-28
5
-2
2
-18
-32
-22
11
-15
-48
-28
-31
-74
20
-41
-11
-16
-34
-45
-29
-22
-35
-79
16
14
32
-33
-39
-34
-19
19
-3
-23
-13
-58
-16
-59
-43
-7
19
-61
-17
-53
-10
-10
-26
-12
2
-29
12
-27
-1
-22
1
7
14
4
20
-63
28
13
-6
11
6
-31
0
13
-20
33
16
-16
-11
18
4
12
-24
8
-2
16
33
35
52
42
51
40
68
50
77
73
45
81
62
64
61
106
68
32
61
81
73
118
74
61
88
91
73
89
73
83
52
93
86
101
93
132
102
128
4
7
-52
-123
-41
-69
-65
-54
-34
-43
-85
-65
-73
-83
16
4
-64
2
-51
-48
-68
-50
-25
-58
-60
-32
-69
-56
8
-21
0
-6
-8
-22
-14
-14
-25
5
-23
-20
-30
-2
0
-7
-36
-37
12
7
-18
6
-5
-24
-36
-18
10
-55
3
-26
36
26
33
45
40
40
53
25
60
18
30
57
31
46
36
34
65
43
19
41
76
57
78
46
35
57
57
61
84
74
43
85
80
84
101
110
107
113
-16
-115
-102
-67
-116
-116
-103
-56
-78
-123
-39
-56
-44
-30
-98
-68
-81
-26
-99
-103
-15
-75
-25
-114
-39
-22
-70
-138
-50
-92
-53
-75
-25
-22
-30
-84
-33
-64
-35
-49
-17
-28
-31
-12
-12
11
-19
-8
-93
34
-19
21
-28
-35
9
13
6
25
-14
14
-26
31
0
23
-91
-100
-85
-75
-78
-66
-115
-50
-80
-124
-19
-69
-120
-41
-40
-81
-41
-83
-58
-98
10
-20
-18
-125
-41
-12
-82
-51
-58
-81
-86
-81
-122
-110
-86
-128
-87
-193
-137
-94
-107
-94
-95
-95
-108
-51
-93
-79
-93
-96
-12
-82
-109
-52
-65
-46
-89
-109
-99
-126
-97
-220
-242
-297
-119
-84
-106
-77
-96
-194
-158
-111
-108
-98
-151
-109
-94
-42
-76
-127
-42
-130
-89
-97
-95
-107
-51
-83
-77
-89
-115
-162
-156
-232
-199
-271
-78
-75
-24
-74
-60
-82
-56
-13
-104
-4
8
-37
-35
-62
-36
-13
-53
-52
-56
-9
-5
-59
-9
-55
-31
5
-29
-13
-41
-29
-44
-16
-129
-76
-96
-30
-81
-108
-57
-61
-47
-107
-137
-105
-45
-57
-120
-94
-49
-78
-97
-44
-117
-41
-94
-38
-37
-52
-32
-50
-71
-74
-86
-80
-81
-96
-97
-102
-103
-96
-122
-84
-81
-87
-16
-79
-98
-87
-104
-131
-47
-99
-39
-104
-82
-58
-123
-49
-59
-106
-114
-65
-103
-123
-103
-110
-25
-108
-77
-104
-61
-90
-149
-68
-125
-74
-107
-65
-80
-70
-85
-133
-121
-98
-134
-75
-102
-120
-88
-92
-68
-69
-122
-155
-145
-195
-190
-176
-33
10
-33
-9
-11
-16
41
-3
-39
2
-16
-1
15
4
9
-7
-4
8
-17
21
7
10
-8
7
-17
-3
2
19
40
28
7
40
-24
21
-26
-2
-10
-2
10
-13
3
-1
-36
-20
16
4
-46
9
21
57
6
9
-12
45
31
49
-18
53
23
46
8
54
36
55
-29
-56
-26
-58
-66
-29
-14
-106
-76
-93
-75
-66
-53
-44
-57
-53
-3
-25
-39
-56
-61
-32
-42
-27
-8
9
-37
-59
-35
-12
-24
-8
-43
-86
-104
-133
-145
-52
-35
-79
-85
-80
-105
-113
-146
-145
-78
-81
-40
-31
-85
-71
9
-51
-57
-32
-79
-82
-121
-113
-66
-137
-75
-137
-68
-116
-64
-47
-98
-82
-42
-45
-71
-9
-58
-54
-65
-48
-46
-46
-19
-30
8
-11
7
5
-80
-138
-17
-83
-39
-45
-35
-23
-18
-26
-118
-11
-65
-41
-88
-91
-64
-73
-36
-65
-48
-67
-55
-80
-36
-58
-57
-29
-25
21
-11
-67
11
-93
-73
-70
-68
-25
-29
-40
-39
-26
82
285
220
311
281
275
177
113
81
175
261
201
35
-25
11
47
109
44
-10
40
63
-21
141
85
76
-102
12
-39
-22
10
-50
-79
111
290
259
307
278
273
168
129
68
165
268
197
91
17
47
82
91
89
69
46
85
37
145
91
84
-5
12
31
37
29
33
46
-41
33
65
100
67
49
-35
-1
-26
19
42
81
-56
51
54
20
-13
8
0
-4
-20
5
-28
45
4
-9
16
23
45
52
60
50
22
39
68
74
118
30
20
-29
16
0
-13
-56
8
-2
-14
12
-18
8
-16
-27
-19
-39
-48
13
-44
-20
-18
2
14
26
6
20
-39
22
64
29
55
10
27
30
-8
21
15
54
-8
6
58
53
16
19
4
33
47
25
28
23
37
51
47
45
32
27
54
48
-25
-5
-6
-24
-8
-15
-4
86
20
28
56
9
34
-41
29
20
6
-27
-13
-10
-5
-34
11
13
10
-33
-27
3
-17
9
-38
-19
66
4
-74
-33
37
-42
-29
-24
1
-70
-1
-16
-1
-24
-22
-7
-17
-5
-70
-24
-30
-20
-65
-16
2
-22
6
6
27
22
34
13
72
47
47
44
7
36
67
43
81
52
61
72
40
62
73
97
67
69
80
73
68
76
79
85
65
84
74
113
105
111
112
128
-3
-68
-80
-26
-31
-104
-14
-23
-74
-66
-109
-69
-71
-41
-16
-99
-105
-146
-56
-59
-55
-66
-24
-49
-70
-102
-39
-70
5
-45
-24
-41
-29
-91
-90
-70
-79
-47
6
-42
-29
-79
-126
-51
-89
-141
-59
-144
-102
-134
-95
-150
-58
-109
-44
-102
-69
-63
-108
-103
-115
-113
-101
-114
-12
-16
-64
-32
-25
6
2
1
-2
-27
-28
-44
-22
7
-32
-30
26
-2
0
-44
-14
-2
-1
-6
14
-5
-27
35
8
33
28
36
13
37
27
29
33
45
24
65
64
46
36
21
68
48
35
68
54
52
27
43
30
77
57
84
86
48
81
92
78
91
74
106
-11
-52
-60
-76
-19
-65
-38
-64
-59
-45
-52
-52
-75
-43
-68
-97
-59
-52
6
-58
9
-31
-59
-40
-29
-82
-19
-19
3
-37
-13
-19
-25
-4
21
-27
-24
14
36
-5
-1
6
-9
14
-8
-6
31
2
17
-21
40
14
-73
40
32
0
11
30
31
44
33
60
52
64
-39
-48
-14
-66
-102
-50
-83
-15
-5
-47
-36
-44
13
-8
-10
-17
-22
-46
-18
-15
-67
-4
-38
-18
-12
-19
-48
-25
-53
-27
-28
-12
-33
-86
-79
-72
-84
-22
-78
-23
-47
-93
-80
-72
-56
-64
-81
-43
-108
-36
-49
-18
-46
-42
-12
-42
-57
-20
-39
-45
-31
-33
-30
-21
-35
-89
-39
-97
-94
-29
-21
-113
-62
-93
-29
-48
-67
-71
-101
-89
-68
-36
-12
-58
-48
-70
-30
-70
0
-19
-6
-43
0
-23
-22
-26
-13
15
11
-16
-12
-5
12
1
-12
-7
-27
12
-11
22
9
48
6
31
4
11
5
33
39
37
21
27
-4
34
43
48
53
58
0
-11
-20
-2
-79
-44
-28
-1
-6
-11
-59
-15
-6
-53
-70
-19
22
3
-12
-6
-63
36
-30
4
-14
-18
23
33
22
32
12
30
-45
-72
-94
-46
-65
-91
-89
-94
-124
-72
-76
-86
-88
-73
-55
-96
-85
-92
-105
-67
-49
-124
-85
-53
-5
-69
-81
-86
-56
-72
-79
-68
-96
-82
-62
-77
-87
-86
-58
-62
-117
-75
-130
-93
-127
-158
-60
-102
-115
-53
-109
-91
-134
-61
-85
-65
-63
-95
-80
-36
-88
-81
-83
-88
-31
-6
7
17
37
-21
11
-19
-7
27
5
-1
33
13
-10
7
2
29
-4
21
-21
8
16
30
18
21
44
39
55
65
67
74
